 2.48501495e-01 1.11090616e+00 4.67644330e-01
 3.83262917e-01 2.05376558e-01 1.03601759e+00
 -3.81562578e+00 -6.64796515e-01 -1.82804612e+00
 -9.02392073e-01 -5.33244709e-01 -3.50133026e-01
 -8.94813127e-01 -4.74744682e-01 2.40869177e-01
 -5.06866622e+00 -3.74412971e+00 9.91999027e-02
 3.89086013e-01 6.90829838e-01 8.04089051e-02
 1.37735838e+00 1.12930468e+00 -2.82210696e-01
 -1.33238503e+00 -3.25955844e-01 5.24264779e-01
 -6.02590651e-02 -1.31605751e+00 1.21138001e+00
 -3.26311307e+00 -1.45661426e+00 -9.29627818e-01
 -1.57823455e+00 -5.20775684e-01 -5.85320437e-01
 1.62726992e+00 1.50117353e+00 4.11104710e-01
 -2.67242494e+00 -3.73009398e-01 -6.30807256e-01
 5.62350157e-01 5.94088311e-01 -9.51767171e-01
 -4.17196446e+00 -1.14856068e+00 -3.21885642e-01
 7.94104208e-01 1.12507504e+00 3.36023224e-01
 1.30754476e-01 8.00895299e-01 -7.46849499e-01
 -2.44862417e+00 -1.07219098e-01 -8.70987088e-01
 7.05587710e-01 -9.18020725e-01 1.59847473e+00
 -3.64046374e-01 4.76189245e-01 -2.97638772e-01
 -7.84946760e-01 -9.12011387e-01 5.23827503e-01
 -1.00765860e+00 -2.53228146e-01 -1.31919315e+00
 1.23690601e+00 1.77182306e+00 8.08812334e-01
 -7.02991498e-01 -5.36234479e-01 -1.34713378e-01
 -2.80875220e-01 -8.04161746e-02 6.22824460e-02
 -8.09504252e-01 6.15289201e-01 2.98393872e-01
 -1.11533700e+00 -4.52805685e-01 1.73069658e-01
 2.19107141e+00 2.93292163e+00 8.28160931e-01
 -1.27332212e-01 3.44623537e-01 8.97638076e-04
 -1.52652997e+00 -5.58240180e-01 -5.11798350e-01
 -1.00982198e+00 -3.29328942e-01 1.48751922e-01
 -3.58614507e-02 -9.65552809e-01 1.84410073e-01
 -1.17724181e+00 -1.30480674e+00 5.83489046e-01
 -6.10237466e-01 9.27275499e-01 -1.16523309e+00
 -2.44413463e-01 2.18428310e-01 1.18970299e+00
 -1.59722507e-01 3.00768366e-01 -5.69084254e-01
 -2.91516335e+00 -3.61254726e-01 -1.23755340e+00
 -3.56993227e-01 9.99129063e-01 1.32707237e-01
 5.74964630e-03 1.07988259e+00 4.68409924e-02
 -1.66513812e+00 -4.32254875e-01 -4.79431157e-01
 -8.22364860e-01 9.14709423e-01 -2.41239294e-01
 1.81183681e+00 5.38591526e-01 5.82733056e-01
 -4.26412877e+00 3.57733794e-01 -2.17520699e+00
 -3.06963676e+00 2.81130502e-01 -6.93878561e-01
 -2.31524831e+00 -9.81993677e-01 -5.61854896e-01
 -1.96039440e+00 -1.41613343e-01 8.00514004e-01
 2.34822472e+00 7.85387723e-01 1.20977140e+00
 -6.86332049e-02 1.20291941e+00 1.09697476e-01
 1.38399221e+00 3.65044865e-01 1.11972644e+00
 -1.80051732e+00 -3.62727128e-01 8.96333230e-01
 -1.36673516e+00 -4.98741923e-01 -7.20083970e-02
 1.35393050e+00 3.51420948e-01 4.55742677e-01
 -6.48084986e-01 -7.96742650e-01 -1.01471018e+00
 2.58366309e+00 1.35405345e+00 3.58633957e-01
 3.46951819e+00 4.25329801e-01 3.11218167e+00
 -2.67263192e+00 -1.98817641e-01 -1.52097535e+00
 2.39778392e-01 4.37165115e-01 1.60392237e+00
 -2.15728434e+00 -2.09235610e-01 -6.10334249e-01
 2.78796486e-01 1.02986561e+00 -3.86107014e-01
 -4.53008735e-01 -4.13665716e-01 2.14582494e-01
 1.42567978e+00 3.44792011e-01 1.43259485e-02
 3.68915006e+00 2.65126075e+00 3.87049850e-01
 2.21861650e+00 1.26678457e+00 -1.30655197e-01
 -1.66267536e+00 5.93400792e-01 -9.37218898e-01
 2.38201768e+00 -1.41662288e-01 1.70224319e+00
 1.13430026e+00 7.67181557e-01 -6.39124880e-02
 5.69490239e-01 1.39148957e-01 2.39206024e-01
 -2.59151112e+00 -3.82580060e-01 -7.53637319e-01
 1.40450699e+00 5.38960580e-01 5.35406834e-01
 1.33859319e+00 -8.46186168e-01 2.21916556e+00
 8.17422051e-01 5.80276125e-01 -1.64354978e+00
 -1.35562548e+00 -1.61776642e-01 -2.28170880e-01
 3.23399326e-01 -2.90949627e-01 -4.69246729e-01
 -3.46534986e+00 -1.25114549e+00 -1.14039914e+00
 2.02659575e+00 1.31256366e+00 7.67234147e-01
 1.37399373e-01 1.27952619e+00 1.65147871e-01
 -1.21662306e+00 4.68417381e-01 -5.77380598e-01
 -7.67486934e-01 1.83747001e-01 -4.63445649e-01
 1.66822486e+00 8.26363143e-01 4.33746479e-01
 -2.05810540e+00 -1.40674855e+00 -5.78943906e-04
 -4.14794845e-01 5.59319576e-02 -9.96241747e-01
 2.22995983e+00 -1.35999843e+00 2.64522479e+00
 -1.50266480e+00 1.80298346e-01 8.56440819e-01
 -3.04852926e-01 -3.84462606e-01 2.66619027e-01
 1.37977941e+00 1.50757012e+00 -1.98749130e-01
 2.18523746e+00 4.82917411e-01 1.25176925e+00
 9.06421516e-01 -3.90923222e-01 8.73488756e-01
 -8.25906013e-01 2.96594307e-01 2.14361982e-01
 2.85682994e-01 -5.96195745e-01 6.20580259e-01
 2.90416448e-01 -3.49377322e-01 1.57296865e+00
 -2.64639468e+00 -6.46891850e-01 -1.58804478e-01
 -5.82869884e-01 -1.21119154e+00 -3.43291101e-01
 -2.15523311e+00 -5.79401475e-01 -8.28683643e-01
 1.55153086e+00 7.27483444e-01 4.15377571e-02
 9.53443246e-01 -6.63004142e-01 1.72887961e+00
 -1.01693879e+00 -2.13569371e+00 -1.04067717e+00
 -1.61855248e+00 -4.44816993e-01 4.58317040e-02
 7.11195197e-01 1.62703893e+00 -7.83689584e-03
 1.95258573e+00 -7.51825107e-01 3.53142733e-01
 -1.18767059e+00 -4.03165432e-02 -1.19549134e+00
 -2.30604886e+00 -8.88845982e-01 -7.34390538e-01
 2.46488267e+00 1.11392160e+00 1.22573176e+00
 -5.48893487e-01 -1.42566644e-01 -1.15125650e-03
 -1.62635099e+00 8.90170292e-01 -1.68826781e+00
 -2.24811319e+00 -1.19240702e+00 9.71640387e-02
 -1.58973092e+00 -4.16062773e-01 -3.40576075e-01
 1.79489188e+00 -8.95318424e-01 1.81131413e+00
 -5.84103249e-01 -1.27464784e-01 1.81566022e-01
 -1.02148992e+00 -8.57510034e-01 -1.09112295e-01
 -2.42364581e-01 -8.10632392e-02 8.46366230e-01
 -2.43741972e+00 7.82923054e-02 -9.47466184e-01
 1.04447834e+00 -1.54431315e+00 3.70727800e+00
 1.61424296e+00 -7.11285467e-01 6.86724523e-01
 1.18402240e+00 1.88138813e+00 6.58628337e-01
 -1.73418853e+00 -1.35701189e+00 -1.55879580e+00
 2.65406999e-01 2.19564213e+00 -1.08218661e+00
 -5.02439528e-01 -4.87173081e-01 1.41873147e+00
 4.10800270e+00 8.99565112e-01 2.91499941e+00
 1.96879537e-01 -9.01457671e-01 7.83250699e-01
 -4.16125720e-01 -1.39492676e+00 -6.42113855e-02
 1.19359749e+00 1.03828298e+00 7.24488927e-01
 -1.28986495e+00 -1.71655774e+00 -7.07646738e-01
 1.76165876e+00 8.74498529e-01 9.62218641e-01
 -9.23945992e-01 -7.56211803e-01 1.34559687e-01
 -3.12207018e+00 -4.23354646e-01 -8.73334895e-02
 2.02836291e+00 1.06953004e+00 3.21575708e-01
 1.58436832e+00 1.67251070e+00 4.92336908e-01
 -2.85805032e-01 5.20390155e-01 -1.64299210e+00
 -3.84598620e-01 -6.75038292e-01 3.58554934e-01
 1.45441172e+00 1.18626018e+00 -1.32015037e+00
 1.26581730e+00 2.97469321e-02 9.42602449e-01
 -5.84938482e-01 1.03278124e+00 -9.37414173e-01
 -8.78014324e-01 9.44239302e-01 -1.11141354e+00
 1.44067063e+00 8.54848228e-01 -1.13976500e-02
 2.68695221e-03 8.50100556e-01 -8.93221489e-01
 1.72680642e+00 -3.73553701e-01 1.51319545e+00
 -2.31615763e+00 -3.53408407e-01 -2.18105011e+00
 7.59393884e-02 4.29712320e-01 2.05125227e-03
 4.78436610e-01 1.84028076e-01 -7.12249845e-01
 -6.28881698e-01 1.08537142e-01 2.09254974e-02
 3.11838722e+00 1.43653857e+00 3.41185930e-01
 1.46595390e+00 -4.26989648e-01 -1.47282774e-01
 -1.23745009e+00 1.32997402e-01 1.02614077e-01
 1.16347378e+00 -1.24216874e-01 1.15514738e-01
 1.41690756e-01 1.38853662e+00 -1.47239424e+00
 -1.99217377e+00 -1.28567226e+00 -6.73037150e-01
 -7.90598885e-01 -2.95761593e-02 -1.72357383e+00
 3.97552033e-01 -2.23693887e-01 -3.49104048e-02
 1.13610046e+00 1.18424876e+00 4.37849723e-01
 3.64712784e+00 4.19275449e-01 3.65604656e-01
 -1.93975051e-01 5.40522151e-01 -1.40067968e+00
 -1.30242796e+00 -1.85171498e+00 8.50495346e-01
 4.80256628e-01 -5.35415574e-01 -3.05392894e-01
 2.59649395e+00 1.09516134e+00 6.92026264e-01
 1.01312955e+00 3.02899554e-02 7.82013091e-01
 7.17755126e-01 -1.46168619e+00 9.45037972e-01
 2.63785155e+00 2.26536051e-01 1.64547024e+00
 1.08663145e+00 1.88648609e-01 -2.41094078e-01
 2.04254686e+00 5.15052420e-01 1.33477595e+00
 -1.12342445e+00 -3.83716876e-01 -1.92797412e+00
 -2.56904790e+00 2.89357298e-01 -8.45568481e-01
 -1.00140680e+00 -2.07626560e+00 3.68693202e-01
 1.83905475e+00 8.00333567e-01 2.91145676e-01
 -5.79444137e-01 -1.09132593e+00 -1.91179654e-01
 1.73611548e-01 1.02579730e-01 -5.00281887e-01
 -7.48106062e-01 4.60845733e-01 -2.09753504e+00
 4.01429859e-01 -2.57131411e-01 7.66665646e-01
 -2.66539546e+00 -1.03938410e+00 -1.07736692e+00
 -5.26565674e-01 -5.00246018e-01 -1.17971556e+00
 3.07974243e+00 1.71844882e+00 2.55328262e-01
 -1.49269078e+00 -5.21677151e-01 -1.99771248e-01
 1.13005716e+00 1.42048106e-01 -2.10398711e-01
 -1.40510113e+00 -1.24240067e+00 2.83543284e-01
 1.61824667e+00 3.70390537e-01 3.67015235e-01
 1.61078554e+00 -1.90687504e-02 1.63728351e-01
 8.76919045e-01 1.37476840e+00 -1.96751545e+00
 -8.06666490e-01 -1.47583980e+00 7.95556404e-01
 2.60576850e+00 5.42952272e-01 1.26295107e+00
 -7.67961321e-01 -1.19832201e+00 -1.14671597e+00
 -1.62860303e+00 -3.35433341e-01 -1.02616138e+00
 -2.01896810e+00 3.82825442e-01 -1.41932736e+00
 9.60551738e-01 -1.28483056e+00 9.75127836e-01
 1.18005990e+00 -2.01815470e+00 1.28009504e+00
 -5.97638871e-02 1.10319013e+00 -2.71488612e+00
 1.63091699e+00 -3.27239495e-01 -2.19231944e-01
 5.13882345e-01 2.80981242e-01 -9.09145929e-01
 9.28858644e-01 2.30430397e+00 -1.84716579e+00
 2.90722774e+00 1.35989721e+00 4.31340567e-02
 -1.28325863e-01 -5.24675484e-01 -1.97956289e-01
 6.86484581e-01 -1.35332349e-01 -7.05383904e-01
 2.53921657e-01 -1.24697780e-01 2.91470709e-01
 7.96577178e-01 -1.03221397e-01 1.45681496e-01
 1.40995035e+00 4.99258954e-01 4.89768362e-01
 4.87432893e+00 1.76085822e+00 4.22070301e-01
 2.97068760e+00 3.09285051e-01 9.43054562e-01
 4.61833068e+00 5.02901471e-01 1.68647122e+00
 7.22715677e-01 -7.63826972e-01 8.42470402e-01
 8.46276088e-01 2.61565184e+00 -1.46427344e+00
 8.41737507e-01 -1.09721768e+00 9.60611946e-01
