750110 5  7      0.2507322708780748E+00     0.1192218754342065E+00        6.82
750117 5  7      0.2263574907574934E+00     0.2378615001700268E-01        6.56
750124 5  7      0.2479712179714142E+01     0.6963344479125055E-01        5.54
750131 5  7     -0.6054349435841999E+00    -0.2337425836971363E-01        5.78
750207 5  7     -0.8914901306506948E+00     0.7067925603456615E-01        5.35
750214 5  7      0.1357545390167999E+01     0.1161649517816130E+00        5.24
750221 5  7      0.7411352612998456E+00     0.5769551450642041E-01        4.69
750228 5  7      0.1181416263187316E+01     0.7979496758814264E-01        5.02
750307 5  7     -0.2458713174817546E+01     0.1051351957255236E+00        5.13
750314 5  7      0.7683679634278491E+00     0.1158740183187916E+00        5.28
750321 5  7      0.0000000000000000E+00     0.1043064685632942E+00        5.30
750327 4  6     -0.1424925683496696E+01     0.1410460266684481E+00        5.38
750404 5  8     -0.9930702605776248E+00     0.2610569796370044E+00        5.51
750411 5  7     -0.4763599157769818E+00     0.2146814357833051E+00        5.37
750418 5  7      0.1312279767997353E+00     0.1072561211739043E+00        5.27
750425 5  7     -0.1191024874117374E-01     0.1429746991216518E+00        5.35
750502 5  7      0.1191663699150780E+00     0.1190143001734470E+00        5.18
750509 5  7      0.9246146115088010E+00     0.9437126591051026E-01        5.27
750516 5  7      0.1886194000714880E+00    -0.1180179439589324E-01        5.16
750523 5  7      0.1263900026153280E+01     0.6976221347417777E-01        5.05
750530 5  7     -0.7002100353280696E+00     0.1053413181435161E+00        5.02
750606 5  7     -0.1406237765564810E+00     0.1289260325854116E+00        5.13
750613 5  7      0.4913370027077946E+00     0.9331707713012350E-01        5.04
750620 5  7     -0.3507132261513135E+00     0.5855197423579739E-01        5.72
750627 5  7     -0.3166791476192117E+00     0.1291252540888053E+00        5.76
750703 4  6     -0.1574851656813052E+01     0.2265312530857812E+00        5.83
750711 5  8     -0.2049718576501917E+01     0.2676429224382133E+00        5.86
750718 5  7     -0.2616484381638472E+01     0.2497780861064456E+00        5.88
750725 5  7     -0.7027006836662082E+00     0.2263760560639412E+00        6.12
750801 5  7     -0.1855679595334692E+01     0.2562378863694619E+00        6.14
750808 5  7     -0.6693332555156957E+00     0.3866965693495388E+00        6.26
750815 5  7      0.3609712472525360E+00     0.4109188407514921E+00        6.16
750822 5  7      0.2826807784314696E+00     0.2819191162011520E+00        6.12
750829 5  7     -0.6307590987142362E+00     0.2837162935198876E+00        6.00
750905 5  7     -0.6456410359605513E-01     0.2580801573490703E+00        6.06
750912 5  7     -0.5441935136145446E+00     0.2983570234517998E+00        6.18
750919 5  7     -0.1439435624624238E+01     0.2895593938453800E+00        6.25
750926 5  7     -0.1166649413668040E+01     0.2663439376634642E+00        6.30
751003 5  7      0.1377296567705500E+01     0.3413864811793274E+00        6.17
751010 5  7      0.2378453319195188E+01     0.2565270870165932E+00        6.04
751017 5  7      0.1155330971481163E+00     0.2306470354863990E+00        5.87
751024 5  7      0.2818352878454249E+00     0.2044671246903107E+00        5.64
751030 4  6      0.1278505734516102E+00     0.2296729562297770E+00        5.39
751107 5  8     -0.4867097734898209E+00     0.2052168829577710E+00        5.14
751114 5  7     -0.1006436763698687E+01     0.1813729032982394E+00        5.15
751121 5  7     -0.5201015623671736E+00     0.2083695239839898E+00        5.16
751128 5  7     -0.6276998721022267E+00     0.2358667609307474E+00        5.27
751205 5  7      0.2622655873408064E-01     0.2096402021966668E+00        5.31
751212 5  7     -0.3021031876409666E+00     0.2102641289344405E+00        5.31
751219 5  7      0.6163652022662092E+00     0.1567743394958114E+00        5.17
751223 2  4      0.1306537387726508E+00     0.1565575599702527E+00        5.17
760102 5 10     -0.2745807774115008E+00     0.1308481045762590E+00        5.10
760109 5  7      0.6264792439315272E+00     0.1819777916993388E+00        4.72
760116 5  7      0.9104366341408366E-01     0.1299037144031132E+00        4.75
760123 5  7     -0.1431027553076944E+00     0.1301024302812550E+00        4.65
760130 5  7      0.6229104575611046E+00     0.1034422378992304E+00        4.58
760206 5  7      0.4646459310153404E+00     0.1286877448668804E+00        4.76
760213 5  7      0.1075804538483880E+01     0.1145971239714072E+00        4.68
760220 5  7     -0.5364405183519807E+00     0.1535450446419872E+00        4.60
760227 5  7     -0.3592636920503480E+00     0.1284524692356826E+00        4.70
760305 5  7      0.2182725487163708E+00     0.1537970853085398E+00        4.93
760312 5  7     -0.5272442497055607E+00     0.2060952334787629E+00        4.86
760319 5  7      0.1928191650838940E+01     0.1768778093350534E+00        4.87
760326 5  7     -0.8127304208258010E+00     0.1528984477044446E+00        4.77
760402 5  7      0.1528984477044446E+00     0.1526605639522671E+00        4.86
760409 5  7      0.3177677912203478E+00     0.1268301987999507E+00        4.84
760415 4  6      0.1521603090582318E+00     0.1519574685207061E+00        4.78
760423 5  8     -0.1775306911643213E+00     0.2028672191931236E+00        4.80
760430 5  7      0.1268374451607173E+00     0.1773215988867349E+00        4.74
760507 5  7     -0.2535670448990856E-01     0.1773556017555080E+00        4.78
760514 5  7     -0.1070881687096502E+01     0.2304242972753770E+00        4.93
760521 5  7     -0.6558264885092484E+00     0.2319461968906751E+00        5.15
760528 5  7     -0.4396378073905396E+00     0.2071457301436510E+00        5.29
760604 5  7      0.5170227283271771E+00     0.1803188268369808E+00        5.29
760611 5  7      0.1288103578769722E+00     0.1800845947285552E+00        5.44
760618 5  7      0.1158341870640100E+00     0.1285031930110421E+00        5.38
760625 5  7     -0.1802407011420542E+00     0.1545054483299992E+00        5.33
760702 5  7     -0.7731841663246541E-01     0.1803343699161104E+00        5.28
760709 5  7      0.2579202373668466E-01     0.1803032097420782E+00        5.24
760716 5  7      0.7729954889926205E-01     0.1287322923265180E+00        5.16
760723 5  7     -0.2577315600348129E-01     0.1416403051350556E+00        5.17
760730 5  7      0.1850873234206475E+01     0.1516526089490498E+00        5.08
760806 5  7     -0.3928378911918600E+00     0.1522407723454790E+00        5.11
760813 5  7      0.3295623712322140E+00     0.1517544574031007E+00        5.03
760820 5  7      0.4041335702951158E+00     0.1511378200262356E+00        4.99
760827 5  7     -0.1261106955844866E+00     0.5048861913878966E-01        4.81
760903 5  7      0.5048861913878966E-01     0.7562207644569696E-01        4.99
760910 5  7      0.5032652854603157E+00     0.7528609768834826E-01        5.05
760917 5  7      0.1160393391916983E+01     0.7443071533809587E-01        5.04
760924 5  7      0.3838346904031624E+00     0.7410971044808434E-01        5.07
761001 5  7      0.1044938782434301E+01     0.9780383932580606E-01        5.06
761008 5  7      0.2077069194846075E+00     0.1219601085447834E+00        4.94
761015 5  7     -0.1099030801588015E+00     0.1220719122711671E+00        4.72
761022 5  7      0.9363552551483138E+00     0.1209461891488672E+00        4.70
761029 5  7      0.7355795889381511E+00     0.1200897236103486E+00        4.74
761105 5  7     -0.8203530891874493E+00     0.1210502650902896E+00        4.67
761112 5  7      0.2540812211217798E+00     0.9658618500411364E-01        4.75
761119 5  7     -0.8462767432780538E-01     0.4834399180209914E-01        4.49
761126 5  7      0.6389151420735146E+00     0.4802948120186556E-01        4.41
761203 5  7     -0.1322739139870350E+00     0.0000000000000000E+00        4.34
761210 5  7      0.4681307241882990E+00     0.0000000000000000E+00        4.33
761217 5  7      0.3586485631214486E+00     0.2388585088985451E-01        4.24
761223 4  6      0.8318551875089355E+00     0.0000000000000000E+00        4.28
761230 4  7      0.4015463533367694E+00     0.0000000000000000E+00        4.27
770107 5  8     -0.3542151557852548E+00     0.4731132057023046E-01        4.51
770114 5  7     -0.1261754832962865E+01     0.4788725253131076E-01        4.51
770121 5  7     -0.2999525251003376E+00     0.4807687397288873E-01        4.55
770128 5  7     -0.1002210384256742E+01     0.2426974952470573E-01        4.58
770204 5  7      0.2666307953185907E+00     0.4838572149559184E-01        4.51
770211 5  7      0.7716246698200564E+00     0.4805256059788121E-01        4.47
770218 5  7      0.4314669161596072E+00     0.4780025856312875E-01        4.46
770225 5  7     -0.9574087593912850E-01     0.4787987507336311E-01        4.44
770304 5  7      0.2152634608779636E+00     0.2386305131830113E-01        4.49
770311 5  7     -0.3110796814390256E+00     0.4791750933998173E-01        4.43
770318 5  7      0.2632869753199003E+00     0.4779270611912523E-01        4.56
770325 5  7     -0.2392962025658108E-01     0.7172232637570630E-01        4.54
770401 5  7      0.4056103529268000E+00     0.4759733334749683E-01        4.55
770407 4  6     -0.9529459552834396E-01     0.9529459552834396E-01        4.56
770415 5  8      0.8779111904740802E+00     0.4725143652255781E-01        4.50
770422 5  7     -0.4024247199709947E+00     0.2373889253401274E-01        4.53
770429 5  7      0.8972996138969478E+00     0.9401502932523442E-01        4.54
770506 5  7      0.4701774612914278E-01     0.1408876837089110E+00        4.63
770513 5  7     -0.6364131648988405E+00     0.1181434522322462E+00        4.77
770520 5  7      0.2361723080145026E+00     0.1767953167448155E+00        5.11
770527 5  7      0.7073152720052178E-01     0.1884373593822772E+00        4.92
770603 5  7      0.2358829776822802E-01     0.1413068312486985E+00        4.95
770610 5  7     -0.4712862277160923E-01     0.1413676138668052E+00        5.04
770617 5  7      0.1531324971478796E+00     0.1411590619851779E+00        4.98
770624 5  7      0.1528994114101749E+00     0.1409492103229155E+00        4.97
770701 5  7      0.5158494584751736E+00     0.1635624270430185E+00        4.99
770708 5  7      0.1623796347144960E+01     0.1379502519389178E+00        5.05
770715 5  7      0.8020900197509064E+00     0.1596395581238994E+00        5.15
770722 5  7      0.1179946763116206E+01     0.1803195747041428E+00        5.13
770729 5  7     -0.1442767742744948E+01     0.2057528394669816E+00        5.39
770805 5  7     -0.2176699274532296E+00     0.2062224908363532E+00        5.19
770812 5  7     -0.1735137431119227E+01     0.2330754886475858E+00        5.30
770819 5  7      0.2330754886475858E+00     0.2093424923257316E+00        5.52
770826 5  7      0.6035471113570594E+00     0.2080563964604352E+00        5.42
770902 5  7     -0.1853286984085685E+00     0.2084487218995292E+00        5.37
770909 5  7     -0.3251024351555287E+00     0.2091069179991081E+00        5.72
770916 5  7     -0.9311597779296222E-01     0.2093424923257316E+00        5.85
770923 5  7      0.1163762763304703E+00     0.2090694334170280E+00        5.96
770930 5  7      0.7183087932974814E+00     0.2536849623595714E+00        5.85
771007 5  7      0.7132545946943765E+00     0.2975818230135730E+00        5.91
771014 5  7      0.7764327961932054E+00     0.3179400917381656E+00        6.12
771021 5  7      0.1590858532241270E+00     0.2721671982311306E+00        5.93
771028 5  7      0.3853877016002372E+00     0.2259845967430323E+00        5.81
771104 5  7      0.2259845967430323E+00     0.2930304596739006E+00        5.94
771110 4  6      0.6076004507374648E+00     0.2688954086884366E+00        5.94
771118 5  8      0.2241260505551992E+00     0.2459425106584802E+00        5.79
771125 5  7      0.9580107444605516E+00     0.1993601814554751E+00        5.64
771202 5  7      0.5968722167253304E+00     0.2641751406037542E+00        5.63
771209 5  7      0.9323763429089950E+00     0.2943909432729868E+00        5.75
771216 5  7      0.2224271047518641E+01     0.3410925104868028E+00        5.63
771223 5  7     -0.6535037529699110E+00     0.3861628624402726E+00        5.65
771230 5  7      0.2400021604974839E+01     0.4397744180042764E+00        5.78
780106 5  7     -0.1277826689144405E+01     0.3903403731912078E+00        5.93
780113 5  7      0.4982695889141837E+00     0.4221544643556996E+00        6.23
780120 5  7     -0.3393665745759336E+00     0.3730355895646084E+00        6.04
780127 5  7      0.5196657496067587E+00     0.3083969020158719E+00        5.95
780203 5  7      0.5216280313538846E-01     0.3066090846788114E+00        6.09
780210 5  7      0.7817669040414899E-01     0.2840168899617766E+00        6.04
780217 5  7      0.2412165870781010E+01     0.3154249778358178E+00        6.19
780224 5  7      0.6462235989408356E+00     0.3683566604504449E+00        6.17
780303 5  7      0.1088153656827472E+01     0.3666386579164396E+00        6.16
780310 5  7     -0.1682961099174122E+01     0.3076880564575078E+00        6.10
780317 5  7      0.6152986393952347E+00     0.3366266712019126E+00        6.38
780323 4  6      0.2347989631108760E+00     0.3206467136593432E+00        6.23
780331 5  8      0.2089203612120300E+01     0.3431486409210436E+00        6.45
780407 5  7     -0.9332057405662510E+00     0.3123904313141140E+00        6.35
780414 5  7     -0.7589908635034988E+00     0.2996569671586968E+00        6.14
780421 5  7     -0.2322388987112888E+01     0.4062235282840448E+00        6.16
780428 5  7      0.2593975220558064E+00     0.3793026874290746E+00        6.15
780505 5  7     -0.2073030459759195E-01     0.3874986344408313E+00        6.28
780512 5  7     -0.1673527419646163E+01     0.3861948505634274E+00        6.23
780519 5  7     -0.5606016161928409E+00     0.4017315024093478E+00        6.32
780526 5  7      0.2121524714763723E-01     0.3817468363373848E+00        6.42
780602 5  7      0.1880418724975911E+01     0.3602167888785459E+00        6.53
780609 5  7     -0.2500975397507830E+00     0.3537362479866886E+00        6.59
780616 5  7     -0.1983563839396396E+00     0.3853427118632595E+00        6.66
780623 5  7      0.6771211020523253E+00     0.3888360506822295E+00        6.69
780630 5  7      0.2385552059553220E+00     0.4241295462119296E+00        6.58
780707 5  7      0.6813299234047889E+00     0.4354306604647178E+00        6.77
780714 5  7     -0.1028818668937959E+00     0.4497090460223206E+00        6.68
780721 5  7      0.3187042135415652E+00     0.4342211184439720E+00        6.76
780728 5  7      0.4711113054855645E+00     0.4481708448758326E+00        6.54
780804 5  7      0.6314895843880777E+00     0.4388975351627664E+00        6.61
780811 5  7      0.3177705430547775E+01     0.4852260960881551E+00        6.79
780818 5  7     -0.1486395346322610E+01     0.5019571361760882E+00        7.01
780825 5  7     -0.8218634675899921E+00     0.4514208329504186E+00        6.99
780901 5  7      0.1785569305400486E+01     0.4170085909992736E+00        7.86
780908 5  7     -0.1273601717950342E+01     0.4231520209810782E+00        7.99
780915 5  7      0.1263741059164346E+01     0.4342835938020358E+00        8.01
780922 5  7      0.1228508116536858E+01     0.4505642230861611E+00        8.10
780929 5  7      0.6716624269228788E+00     0.5184955489588390E+00        8.05
781006 5  7      0.2054953487163416E+01     0.5248469908061892E+00        8.14
781013 5  7      0.2143957066472581E+01     0.5612723796426522E+00        7.85
781020 5  7      0.2816069618433268E+01     0.5721229501010470E+00        7.86
781027 5  7      0.3099152442513364E+01     0.5216086758582179E+00        8.00
781103 5  7     -0.7462175343761096E+01     0.6232183655887127E+00        8.80
781110 5  7      0.1133658796959836E+00     0.6264864818028286E+00        8.02
781117 5  7     -0.1838253477101887E+01     0.6301139824103927E+00        7.93
781124 5  7     -0.3852082886734536E+00     0.5710222881786109E+00        8.94
781201 5  7     -0.1931868606414184E+00     0.6574891936502496E+00        8.97
781208 5  7      0.1029183226517532E+01     0.6286057107609508E+00        8.92
781215 5  7      0.1113404929805888E+01     0.6347622438419620E+00        9.04
781222 5  7      0.1977111700240762E+01     0.7319113666647894E+00        9.16
781229 5  7      0.1911469950912519E+01     0.7081320562250681E+00        8.64
790105 5  7     -0.1624255328636707E+01     0.7595069358487336E+00        8.87
790112 5  7     -0.2964832719371912E+00     0.7085052617338690E+00        9.35
790119 5  7      0.7394971685351024E+00     0.6345372416932875E+00        9.33
790126 5  7     -0.6745985730043387E+00     0.5475981710271398E+00        9.49
790202 5  7     -0.1654945544659647E+01     0.5056921626545403E+00        9.40
790209 5  7      0.2025197694508989E+01     0.5193286297232476E+00        9.32
790216 5  7     -0.3980709911475770E+00     0.5306445731869758E+00        9.09
790223 5  7      0.3426133792242538E+00     0.5139835353038578E+00        9.33
790302 5  7     -0.4260773599883478E+00     0.5944388691255114E+00        9.59
790309 5  7      0.2225276806379170E+00     0.6121134904265588E+00        9.80
790316 5  7     -0.6039361810676382E+00     0.5987002582093979E+00        9.67
790323 5  7     -0.1305645964047457E+00     0.5706977499455022E+00        9.64
790330 5  7     -0.1119834439384988E+00     0.4566458045951975E+00        9.57
790406 5  7     -0.1325923470668819E+01     0.4201664613708758E+00        9.80
790412 4  6     -0.4363432467804102E+00     0.4971575312931691E+00        9.73
790420 5  8     -0.9519517436523018E-01     0.4920896785181839E+00        9.40
790427 5  7      0.4084380286450937E+00     0.4823927357400706E+00        9.68
790504 5  7     -0.2087445235313936E+00     0.5226012261919166E+00        9.64
790511 5  7     -0.4747450965945177E-01     0.4809438663672054E+00        9.64
790518 5  7     -0.1041172786503566E+01     0.4609871350090344E+00        9.83
790525 5  7      0.1152041144452624E+00     0.4091049319032010E+00        9.59
790601 5  7      0.3832657363811620E-01     0.4348737410885519E+00        9.56
790608 5  7      0.3349259056387268E+00     0.3772772284700068E+00        9.52
790615 5  7      0.1111679171175851E+01     0.3952079744508908E+00        9.12
790622 5  7      0.1844429211888660E+01     0.4271520981108168E+00        8.85
790629 5  7      0.1015276196400386E+01     0.4309188411981210E+00        8.95
790706 5  7     -0.2760234457792166E-01     0.4610914208679517E+00        9.20
790713 5  7      0.6591433732293481E+00     0.4471388305795046E+00        9.36
790720 5  7      0.4007504256380870E+00     0.4623128024033036E+00        9.30
790727 5  7     -0.7275837310329081E-01     0.4962239592388897E+00        9.12
790803 5  7     -0.7119148208608976E+00     0.4484920855646592E+00        9.17
790810 5  7      0.5480587457092270E+00     0.4471031602996760E+00        9.36
790817 5  7     -0.5572286059135010E+00     0.4382538807249930E+00        9.29
790824 5  7      0.2286785648909558E+00     0.4439299273659500E+00        9.48
790831 5  7      0.1917604929224339E+00     0.3825919238649078E+00       10.01
790907 5  7      0.9172178828549420E+00     0.3971194283832702E+00       10.68
790914 5  7     -0.2715594674580544E+00     0.4311598969326838E+00       10.47
790921 5  7      0.2859141715420307E+01     0.4444343034600635E+00       10.01
790928 5  7      0.1164705610971446E+01     0.5047606487911622E+00       10.23
791005 5  7     -0.8744426813220016E+00     0.5349192126087274E+00       10.40
791012 5  7     -0.2112461660918292E+01     0.6429610109335187E+00       11.28
791019 5  7     -0.2694738988417242E+00     0.5870266444761185E+00       12.43
791026 5  7     -0.3062760630550230E+00     0.6523102722121905E+00       11.70
791102 5  7      0.8623293326448973E+00     0.6214663806529686E+00       11.61
791109 5  7     -0.3224137649604941E+00     0.5316984684423716E+00       12.39
791116 5  7      0.8932693566750274E+00     0.5207135570919235E+00       11.64
791123 5  7      0.1149591004029048E+01     0.4266948218836290E+00       10.89
791130 5  7      0.1777653737218664E+01     0.4326201984320903E+00       10.90
791207 5  7     -0.1549401565618979E+01     0.4284733853010892E+00       10.76
791214 5  7      0.1099221721391942E+01     0.5471926398586575E+00       10.41
791221 5  7     -0.3462962042571860E-01     0.3844207174660426E+00       10.64
791228 5  7      0.4848094646527557E+00     0.5204516514592683E+00        9.32
800104 5  7      0.9626986427163616E+00     0.6141457654542464E+00       11.50
800111 5  7     -0.4114004334301171E+00     0.5832155998157091E+00       11.00
800118 5  7     -0.5512982092862444E+00     0.5535102148885329E+00       11.61
800125 5  7     -0.4848094646527557E+00     0.5809530712116882E+00       11.70
800201 5  7     -0.4524235268891346E+00     0.4304189185054170E+00       11.82
800208 5  7      0.1916751375650421E+00     0.4443471485565808E+00       11.33
800215 5  7      0.1634348119869742E+00     0.4730020567336695E+00       11.82
800222 5  7     -0.1195758175014369E+01     0.6103666877041434E+00       13.64
800229 5  7     -0.1024927534489322E+01     0.7050348236844712E+00       13.69
800307 5  7     -0.1161415412073261E+01     0.9042197693893072E+00       15.86
800314 5  7     -0.2015202911710368E+01     0.9551681745018428E+00       15.27
800321 5  7     -0.2281483356606799E+01     0.9481028241172070E+00       15.98
800328 5  7     -0.2873918913604250E+01     0.8776403059322320E+00       15.63
800403 4  6     -0.1644969505977912E+01     0.8896757498859102E+00       15.37
800411 5  8      0.4556471953425799E+01     0.9242950108032276E+00       15.33
800418 5  7      0.1007689387296914E+01     0.7451217011172986E+00       14.32
800425 5  7      0.2348679481221382E+01     0.6239213658134375E+00       11.10
800502 5  7     -0.3906746174987958E+00     0.4510159615881122E+00        8.53
800509 5  7      0.5718632320440165E+00     0.1723314286619342E+00        7.50
800516 5  7      0.9368811911579086E+00     0.1109122590278133E+00        8.25
800523 5  7      0.8039357561379958E+00    -0.2804487085285956E-01        7.05
800530 5  7      0.2132069192518031E+00     0.7793475007774475E-01        7.20
800606 5  7      0.1950919777991089E+00    -0.2815959568110316E-01        7.30
800613 5  7      0.1066342226438039E+01    -0.5423514747205616E-01        5.99
800620 5  7     -0.8186026375572979E+00    -0.2822943477565332E-01        6.09
800627 5  7      0.5288346221570848E+00    -0.2826536820242609E-01        6.09
800703 4  6      0.3158980690470230E+00    -0.2824069879981294E-01        6.35
800711 5  8      0.6724825519900293E+00    -0.2866093984422946E-01        6.49
800718 5  7     -0.2003396285036487E+00     0.2866911673459782E-01        7.63
800725 5  7      0.3655729503126608E+00     0.3176711508800878E-01        7.06
800801 5  7     -0.2963161280641294E+01     0.1645312364077754E+00        7.43
800808 5  7      0.2680960005070858E+00     0.1542583044545296E+00        6.92
800815 5  7     -0.3755687134830694E+00     0.1463029457329199E+00        8.48
800822 5  7     -0.5030528788720119E+00     0.1908932575300284E+00        8.83
800829 5  7      0.6642773483157853E+00     0.2033108922218432E+00        9.28
800905 5  7      0.3392684244805792E+00     0.1630451462956586E+00        9.36
800912 5  7      0.1604051217825955E+00     0.1914419589451128E+00        9.97
800919 5  7     -0.5892809890058928E+00     0.2161106638575490E+00        9.46
800926 5  7     -0.8813357999633737E+00     0.3293761496673398E+00       10.83
801003 5  7      0.2796313129993706E+00     0.4396765586153748E+00       10.87
801010 5  7     -0.9919369879330730E-01     0.4223101271614524E+00       11.06
801017 5  7     -0.2400008693384784E+01     0.4717606735698254E+00       10.76
801024 5  7     -0.9931924786094726E+00     0.4682721951775903E+00       11.42
801031 5  7     -0.2264283674962584E+01     0.5379150763807985E+00       11.62
801107 5  7     -0.1985247794766579E+01     0.6837548007863319E+00       11.60
801114 5  7      0.2080661246283597E+01     0.5137011554566726E+00       11.12
801121 5  7     -0.6504105820875026E+00     0.7286966050003372E+00       13.32
801128 5  7     -0.3460360464764704E+00     0.8330411344201991E+00       14.55
801205 5  7     -0.1591590627642219E+01     0.8882896378872971E+00       16.19
801212 5  7     -0.2415936840730012E+01     0.1186661939153694E+01       16.45
801219 5  7      0.1846915901913548E+01     0.1085438470392205E+01       15.41
801226 5  7      0.1018006355103708E+01     0.9348935590375760E+00       14.40
810102 5  7     -0.1362935835434669E+01     0.9386395875008872E+00       12.30
810109 5  7      0.2661895187823262E+00     0.1018586090375990E+01       14.72
810116 5  7     -0.1768175940364912E+01     0.1023676038351795E+01       15.19
810123 5  7     -0.1494358827978146E+01     0.9875655131618402E+00       15.11
810130 5  7     -0.4664567535276475E+01     0.6462520285709417E+00       13.89
810206 5  7     -0.1707473244907050E+00     0.6300644986815627E+00       14.05
810213 5  7     -0.3986110622517898E+01     0.6344383740861588E+00       14.28
810220 5  7      0.6609979945452338E+01     0.3928704646887695E+00       14.11
810227 5  7     -0.2346626490500568E+01     0.1169988109370337E+00       13.93
810306 5  7     -0.1064955079431655E+00     0.3004404096200801E+00       13.85
810313 5  7      0.1207738050105661E+01     0.3120977525338162E+00       13.56
810320 5  7      0.2022402509533578E+01     0.2423011194498628E+00       12.51
810327 5  7     -0.2804701222481711E+01     0.1544516167794825E+00       13.32
810403 5  7     -0.4254393371575276E+00     0.1650247899903974E+00       12.82
810410 5  7     -0.1071619878732619E+01     0.2856899803809938E+00       13.49
810416 4  6     -0.1519783360943052E+01     0.4182514819157888E+00       13.63
810424 5  8      0.1093523827937588E+00     0.4207779216063728E+00       13.79
810501 5  7     -0.8779757252065252E+00     0.4641103207173245E+00       13.80
810508 5  7     -0.2195459937394503E+01     0.7208903471980648E+00       16.24
810515 5  7     -0.2429249731901436E+01     0.6900081331472023E+00       16.37
810522 5  7     -0.1964776157212782E+00     0.6657147208092198E+00       16.62
810529 5  7     -0.7663743844425568E+00     0.4714101821738126E+00       15.88
810605 5  7     -0.3692445007126665E+01     0.6117566130367322E+00       16.72
810612 5  7      0.1118526604837086E+01     0.5050234263786564E+00       15.69
810619 5  7      0.7981406874015136E+00     0.5552583660457771E+00       15.07
810626 5  7     -0.3923114112424884E+00     0.6266735485734927E+00       14.18
810702 4  6     -0.1065837722096006E+01     0.5591002848941713E+00       14.50
810710 5  8     -0.1138148265186786E+01     0.6816144465349652E+00       14.76
810717 5  7      0.4866794695767851E-01     0.6512208169769735E+00       14.26
810724 5  7     -0.4866794695767851E-01     0.7093579929789797E+00       15.31
810731 5  7     -0.1781520115182786E+01     0.7157587483504813E+00       14.78
810807 5  7     -0.2218519014707937E+01     0.6826400101358416E+00       16.03
810814 5  7      0.1266425311102637E-01     0.6536917900238564E+00       15.50
810821 5  7      0.3645846786047656E+01     0.6125626112407758E+00       15.17
810828 5  7     -0.2814605762268343E+00     0.4845070798018583E+00       14.86
810904 5  7      0.1640689444013276E+01     0.4909576655902725E+00       15.10
810911 5  7     -0.1568372911111169E+00     0.4519878794019689E+00       13.56
810918 5  7      0.6621220350371047E+01     0.3984231529858136E+00       13.09
810925 5  7     -0.3284995819239313E+01     0.3415153857027775E+00       13.81
811002 5  7      0.1724850127171734E+01     0.4087332075547607E+00       13.67
811009 5  7      0.4576390954896809E+01     0.3622118044813192E+00       12.89
811016 5  7     -0.1870311193849218E+01     0.3706273128467643E+00       13.15
811023 5  7     -0.2156700077537977E+01     0.4003016382209950E+00       13.30
811030 5  7      0.2446762262552212E+01     0.3180121832272249E+00       12.56
811106 5  7      0.2002752037298734E+00     0.2957305941118733E+00       11.91
811113 5  7      0.3883006471585588E+00     0.2376620464666530E+00       10.63
811120 5  7     -0.1581134621427012E+01     0.1809726570436396E+00       10.01
811127 5  7      0.1558965972095478E+01     0.1186662809721781E+00       10.15
811204 5  7     -0.2329024677835036E+00     0.1555087589844675E+00        8.63
811211 5  7     -0.2267883746389913E+01     0.1990816109549200E+00        8.68
811218 5  7     -0.3982938064362429E+00     0.1608578611646720E+00       10.50
811224 4  6      0.7646848482656310E-01     0.1867884233500376E+00       10.03
811231 4  7      0.1854394149427136E+01     0.2429808502965330E+00        9.60
820108 5  8     -0.1068075826053061E+01     0.2900711219209313E+00       10.92
820115 5  7     -0.1790694017309363E+01     0.2850028732456167E+00       11.67
820122 5  7     -0.5306341933513750E+00     0.3431063836364672E+00       11.63
820129 5  7     -0.3244011590509928E+00     0.3163193469054874E+00       11.85
820205 5  7     -0.1097024387642151E+01     0.4132321975594948E+00       12.89
820211 4  6     -0.1085373136381975E+01     0.4503740481043934E+00       13.53
820219 5  8      0.3197549386243282E+00     0.4284178972213936E+00       12.93
820226 5  7     -0.1237394847636523E+01     0.3981438073056722E+00       11.77
820305 5  7      0.2003013045394170E+01     0.4553429211381683E+00       12.36
820312 5  7     -0.1215995007219348E+01     0.4532099455680907E+00       12.52
820319 5  7     -0.1783237122771482E+00     0.5092321775187401E+00       12.65
820326 5  7     -0.6565873170873289E+00     0.5031639822695553E+00       12.80
820402 5  7     -0.1198615457033156E+00     0.5086780539578797E+00       13.22
820408 4  6     -0.7945852646759022E+00     0.5237680135303435E+00       12.71
820416 5  8     -0.6045736885285180E-01     0.5293103278558817E+00       12.64
820423 5  7      0.1297779814870509E+01     0.5031537429791371E+00       11.88
820430 5  7      0.2394665192256156E+01     0.5288327882547748E+00       12.19
820507 5  7      0.2167777196573255E+01     0.5159078275369922E+00       12.51
820514 5  7     -0.1066497254337804E+01     0.5405474983176788E+00       12.62
820521 5  7      0.3457186981708560E-01     0.5132143330721703E+00       11.38
820528 5  7     -0.1837676270063639E+01     0.4808592471299136E+00       11.35
820604 5  7     -0.6476848194691058E+00     0.4799161119174329E+00       12.32
820611 5  7     -0.1045155914775947E+01     0.4510583322986008E+00       11.94
820618 5  7     -0.3030170530270766E+01     0.5537327250170279E+00       11.95
820625 5  7     -0.8775655186561693E+00     0.5718455714763309E+00       12.12
820702 5  7      0.1488060125869595E+00     0.5475514273122144E+00       11.67
820709 5  7     -0.1115849735694354E+00     0.5218659612637708E+00       11.58
820716 5  7      0.7541647461162313E+00     0.4509296478889553E+00       10.73
820723 5  7      0.3259514810937106E+01     0.2717206956877902E+00        8.49
820730 5  7     -0.3099523747357836E+01     0.2994208673539020E+00        8.84
820806 5  7     -0.2037354608382856E+01     0.2503889075597812E+00        9.28
820813 5  7     -0.3646274089322788E+00     0.2202718025464208E+00        8.43
820820 5  7      0.2659854723780228E+01     0.1038823836600500E+00        6.37
820827 5  7     -0.1122419213580443E+01     0.1641964286844626E+00        6.49
820903 5  7      0.4579203971915717E+00     0.2755022640436238E+00        7.49
820910 5  7     -0.1680954126493844E+01     0.3027713125072182E+00        7.54
820917 5  7      0.3259396276232564E+00     0.3276066835514797E+00        6.81
820924 5  7     -0.2129861657825245E+00     0.3039537254959868E+00        6.61
821001 5  7     -0.4903710428205841E+00     0.2951832874334030E+00        7.14
821008 5  7     -0.1387486759015104E+00     0.2903632570037047E+00        7.32
821015 5  7      0.4031015856612470E+00     0.2470291958414350E+00        7.46
821022 5  7     -0.8838210124717136E+00     0.2369488365075938E+00        7.35
821029 5  7     -0.9941895426861010E+00     0.2168009821334636E+00        7.61
821105 5  7     -0.6682661859663170E+00     0.2126353837880970E+00        7.55
821112 5  7     -0.3487925768286146E+00     0.2260287480596048E+00        8.02
821119 5  7      0.1719141778951766E+01     0.2337351263054046E+00        7.82
821126 5  7      0.1827491829077004E+01     0.1856143074397494E+00        7.36
821203 5  7      0.2941206869421024E+01     0.2472318754576434E+00        7.19
821210 5  7     -0.1183281814657519E+01     0.2569010643112222E+00        7.53
821217 5  7      0.1522230260109240E+01     0.2563257451100469E+00        7.85
821223 4  6      0.8544553524568528E+00     0.2333060425962686E+00        7.93
821231 5  8      0.9422361167867876E+00     0.2777455609012094E+00        7.99
830107 5  7      0.1601522612199119E+01     0.2871289716697590E+00        7.72
830114 5  7     -0.8211186330395464E+00     0.3030422585888602E+00        7.57
830121 5  7     -0.3854229546353736E+01     0.2983681154245374E+00        7.90
830128 5  7      0.6588717329036484E+00     0.2685534668459440E+00        7.86
830204 5  7     -0.1704855074738987E+01     0.2596715498821140E+00        8.06
830211 5  7      0.2954426327464006E+01     0.2480176542630232E+00        7.83
830218 5  7     -0.1788990720879866E+00     0.2559479298708709E+00        7.89
830225 5  7     -0.3194824616488461E+00     0.3297061484438757E+00        7.33
830304 5  7      0.1092357148961568E+01     0.3043020048651784E+00        7.93
830311 5  7     -0.3228756356384394E+00     0.3419328561523258E+00        8.16
830318 5  7     -0.6006563995500613E+00     0.3609935138696016E+00        8.42
830325 5  7     -0.7741969886775735E+00     0.3975515170633060E+00        8.45
830331 4  6      0.0000000000000000E+00     0.3828359085711526E+00        8.46
830408 5  8      0.1456184321619389E+00     0.4027274521307050E+00        8.25
830415 5  7     -0.4618360585086094E+00     0.3644863771396842E+00        8.17
830422 5  7     -0.4884719506406583E+00     0.3586488138423362E+00        8.10
830429 5  7     -0.6262717843026877E+00     0.3494810241780044E+00        8.01
830506 5  7      0.1187830547259494E+01     0.3412577995316184E+00        7.92
830513 5  7     -0.4636871059457235E+00     0.3782054700531887E+00        8.01
830520 5  7     -0.1403942512694968E+01     0.3747843744835820E+00        7.89
830527 5  7     -0.1310800839815116E+01     0.3421021092228358E+00        7.99
830603 5  7     -0.1175542689449116E+01     0.3370714245221933E+00        8.35
830610 5  7     -0.7785847349379225E+00     0.3649559192844407E+00        8.54
830617 5  7      0.4984722319667867E+00     0.3656809650231168E+00        8.31
830624 5  7      0.1254401052853012E+01     0.3936247739205640E+00        8.55
830701 5  7     -0.9107191579758194E+00     0.3894567084011840E+00        8.59
830708 5  7     -0.1497799309246403E+01     0.4232780954735062E+00        8.80
830715 5  7     -0.8419492468854202E+00     0.4268247721797280E+00        8.73
830722 5  7      0.4412638674063345E+00     0.4206513521005206E+00        8.62
830729 5  7     -0.2239330752076612E+01     0.4301604285480352E+00        8.79
830805 5  7     -0.1266106583797878E+01     0.4151531217686966E+00        9.08
830812 5  7     -0.1295882144252118E+01     0.4005596147196116E+00        8.85
830819 5  7      0.2243654996160458E+01     0.4191526247242194E+00        8.60
830826 5  7     -0.4794103236631457E+00     0.3876230575163504E+00        8.32
830902 5  7     -0.6428297287970537E+00     0.3671666260345887E+00        9.02
830909 5  7      0.4958519808595270E+00     0.3516164192602958E+00        8.64
830916 5  7      0.2937217173345772E+00     0.3610848180272228E+00        8.72
830923 5  7      0.4255927010146081E+00     0.3317442199812746E+00        8.62
830930 5  7      0.8985743797203014E+00     0.3238750543208226E+00        8.63
831007 5  7      0.2507100729266170E+01     0.3548336283905514E+00        8.44
831014 5  7     -0.1890773537001550E+01     0.3523209255845927E+00        8.51
831021 5  7      0.1220627269736099E+01     0.3432132910440658E+00        8.39
831028 5  7     -0.1561115843095422E+01     0.3246181585135162E+00        8.40
831104 5  7     -0.1760120212700869E+01     0.3338241193833653E+00        8.34
831110 4  6      0.4263395319024000E+00     0.3215554347393095E+00        8.24
831118 5  8     -0.1702805268538867E+01     0.3033959653015898E+00        8.23
831125 5  7     -0.3495416521449926E+00     0.3044792802921848E+00        8.28
831202 5  7     -0.7053517704773071E-01     0.2962872261216063E+00        8.45
831209 5  7     -0.1174737238086195E+01     0.3181173417729610E+00        8.50
831216 5  7     -0.9940213662520420E+00     0.3338346956999203E+00        9.03
831223 5  7      0.3877135202753408E+00     0.3532810770390711E+00        8.31
831230 5  7      0.1345567164728280E+01     0.4490285987120188E+00        8.52
840106 5  7     -0.2934449974696634E+01     0.3369502143948040E+00        8.54
840113 5  7      0.2528649137450430E+00     0.3234098704631662E+00        8.66
840120 5  7     -0.6888658545070570E+00     0.3313564936908904E+00        8.88
840127 5  7      0.2759297069134590E+00     0.3221463144554520E+00        8.75
840203 5  7      0.2793994566964998E+01     0.3095087472154176E+00        8.77
840210 5  7     -0.3655984387350486E+00     0.3154644058856632E+00        8.89
840217 5  7      0.2265045229916624E+01     0.3264775998139271E+00        9.01
840224 5  7      0.2260713737457252E+01     0.3377779428704173E+00        8.75
840302 5  7      0.1535567477406758E+01     0.3624282212538646E+00        8.77
840309 5  7      0.5042292499013143E+00     0.3876842213613116E+00        9.07
840316 5  7     -0.1409425783157275E+01     0.4323366035452522E+00        9.31
840323 5  7     -0.1058412741051541E+01     0.4239649005385076E+00        9.36
840330 5  7      0.1750989576347564E+01     0.4042910595265284E+00        9.41
840406 5  7     -0.1273668962299780E+01     0.4278736768724940E+00        9.27
840413 5  7     -0.1906051484780846E-02     0.4163809271853864E+00        9.43
840419 4  6     -0.1400610158582097E+01     0.4351151385375402E+00        9.25
840427 5  8     -0.1649695514004989E+01     0.4706939256379030E+00        9.14
840504 5  7     -0.5990527473090168E+00     0.4494142901692016E+00        9.27
840511 5  7     -0.1848147982946941E+01     0.4756740076298058E+00        9.37
840518 5  7     -0.6312277589096027E-01     0.4608457147950418E+00        8.41
840525 5  7      0.1690986054694207E+01     0.4539491007415251E+00        8.18
840601 5  7      0.8377898908972270E+00     0.4522414861933868E+00        9.29
840608 5  7      0.3705451387863121E+00     0.4594802981139736E+00        9.57
840615 5  7     -0.1693084864355413E+01     0.4591181970970837E+00        9.50
840622 5  7     -0.1690018579559265E+01     0.5198837098706690E+00        8.59
840629 5  7      0.1508296453541646E+00     0.5278960534173649E+00        9.22
840706 5  7     -0.1692691351973366E+01     0.5297045342145879E+00        9.42
840713 5  7     -0.4935153642801140E+00     0.5058836246541176E+00        9.51
840720 5  7     -0.3860331166979023E+00     0.5215679616620719E+00        9.29
840727 5  7     -0.3670662922384906E+00     0.5055860043725318E+00        9.53
840803 5  7     -0.6435366651646319E+00     0.5162751094846101E+00        9.87
840810 5  7      0.2430135696943410E+00     0.5314760605207312E+00        9.53
840817 5  7      0.5576872445286227E+00     0.5414845454797188E+00        9.52
840824 5  7     -0.3071476392394032E+00     0.5503653139133746E+00        9.74
840831 5  7     -0.5975213368243288E+00     0.5296302476823200E+00       10.54
840907 5  7     -0.2844540351402912E+01     0.5283095737376158E+00       10.22
840914 5  7     -0.1890874186499303E+01     0.5050726547535902E+00       10.19
840921 5  7     -0.4560736966889422E+01     0.4825005943717287E+00        9.85
840928 5  7      0.4668161712145505E+01     0.4657378466422699E+00       10.27
841005 5  7     -0.1503623519592594E+00     0.4716718209151196E+00       10.01
841012 5  7     -0.2630005533015052E+01     0.4335857794933560E+00        9.71
841019 5  7      0.1002142054627186E+01     0.3759822033562017E+00        9.29
841026 5  7      0.1571742104212504E+01     0.3587285890632756E+00        9.02
841102 5  7      0.2726606218535835E+01     0.3414676492325554E+00        7.94
841109 5  7     -0.1101648720084682E+00     0.3308933653584916E+00        7.57
841116 5  7     -0.3635630438303394E+00     0.3228835776437648E+00        7.26
841123 5  7     -0.1607233929032475E+01     0.2910726961941918E+00        7.58
841130 5  7     -0.2816627269909134E+01     0.2732618538381786E+00        7.30
841207 5  7      0.8269202618864995E+00     0.3082245429909420E+00        7.69
841214 5  7     -0.1173517481168318E+01     0.2723473573488917E+00        8.10
841221 5  7     -0.5615869319056941E+00     0.2387038208446342E+00        7.19
841228 5  7     -0.3752930938481285E+00     0.2633787473290710E+00        7.33
850104 5  7     -0.8808853758693544E+00     0.2452242640812159E+00        7.50
850111 5  7      0.3402797538146842E+00     0.2174870054809617E+00        7.62
850118 5  7     -0.7424093403406289E+00     0.2126906824689882E+00        7.52
850125 5  7      0.5523569799428572E+00     0.2170418909390292E+00        7.46
850201 5  7     -0.5444876089785424E+00     0.2063984871238347E+00        7.52
850208 5  7     -0.2088682697566071E+01     0.1990388779699401E+00        7.66
850215 5  7     -0.7218781976620647E+00     0.2130017619951445E+00        7.75
850222 5  7     -0.3376351788885401E+01     0.2444174810589174E+00        7.63
850301 5  7      0.8742053506989862E+00     0.2843669688704012E+00        7.72
850308 5  7     -0.2131222493299546E+01     0.2384315791224054E+00        7.75
850315 5  7      0.6154927976752589E+00     0.2457998914376418E+00        8.19
850322 5  7      0.5724923235375670E+01     0.2665755032749786E+00        7.75
850329 5  7      0.3993834316512888E+01     0.2514950054952010E+00        7.97
850404 4  6     -0.2171602989625711E+01     0.2396656115218576E+00        7.82
850412 5  8      0.2552921032789669E+01     0.2459030845652279E+00        7.82
850419 5  7      0.3205827476015856E+01     0.2202592592139610E+00        7.31
850426 5  7     -0.5727037700957482E+01     0.2143113775970278E+00        7.20
850503 5  7     -0.1385880667309294E+01     0.2239289824505164E+00        7.20
850510 5  7      0.2309863810026485E+01     0.2259914039129285E+00        7.39
850517 5  7      0.1207711710898849E+01     0.2189339412076236E+00        6.87
850524 5  7     -0.4861934598292805E-01     0.1863783000124073E+00        6.62
850531 5  7     -0.4856335135941947E-01     0.1765597810461799E+00        6.94
850607 5  7      0.9005963526030740E+00     0.1618331458645344E+00        7.01
850614 5  7     -0.3162737732124441E+00     0.1743339257967022E+00        6.40
850621 5  7     -0.4385617160221642E+00     0.1540895334575367E+00        6.46
850628 5  7      0.8169424324575800E+00     0.1880914803160181E+00        6.55
850705 5  7      0.8582430824939991E+00     0.2062611919151038E+00        6.47
850712 5  7      0.4457197805952702E+01     0.2398532424737141E+00        6.79
850719 5  7      0.5703639900976754E+00     0.2446667368928388E+00        6.88
850726 5  7      0.2341736959930074E+00     0.2591734899479974E+00        6.62
850802 5  7      0.1681742948789904E+01     0.2759745859597302E+00        6.93
850809 5  7     -0.9005751575284648E-01     0.2810710966757597E+00        6.63
850816 5  7      0.2431541553095869E+01     0.2988819787345562E+00        6.80
850823 5  7      0.2625381131390583E+00     0.2959952041690741E+00        6.39
850830 5  7     -0.1064091754547135E+01     0.2820983781595316E+00        6.98
850906 5  7     -0.4251736378019728E+01     0.2875814969085866E+00        6.86
850913 5  7     -0.1528722072931430E+00     0.3146921695825284E+00        7.04
850920 5  7      0.9659900829313414E+00     0.3073186810302246E+00        6.84
850926 4  6      0.8224837984394696E+01     0.3016119343921133E+00        7.06
851004 5  8      0.1335982395156492E+00     0.2929431384650058E+00        6.87
851011 5  7     -0.1712311452690045E+00     0.2807060106430441E+00        7.05
851018 5  7      0.8710579959033851E+00     0.2946227904199219E+00        7.04
851025 5  7     -0.3712689411150052E+00     0.3010768319235240E+00        7.22
851101 5  7      0.1301647612255834E+01     0.2669921258283096E+00        7.04
851108 5  7     -0.5234713823891042E+00     0.2920418811330734E+00        6.99
851115 5  7      0.4009551911002944E+00     0.2970161300288510E+00        7.01
851122 5  7      0.1115864043899265E+01     0.3080772078806717E+00        7.06
851129 5  7      0.2825380335668228E+01     0.3009500327026728E+00        6.50
851206 5  7     -0.4566673107210022E+00     0.2916691135601752E+00        6.27
851213 5  7      0.2777229627645852E+00     0.2804884642563934E+00        6.24
851220 5  7      0.6955142395786140E-01     0.2766970449639246E+00        6.84
851227 5  7      0.1129504188483594E+01     0.2758526914695096E+00        5.63
860103 5  7      0.1006252456610355E+01     0.2908658404782188E+00        6.49
860110 5  7      0.2887884249785344E+00     0.2998790452914193E+00        6.86
860117 5  7     -0.4673382344348909E+00     0.2984787767973956E+00        6.92
860124 5  7      0.1665939357922340E+01     0.3075942217733712E+00        6.60
860131 5  7      0.1578926155124250E+01     0.2621379676727429E+00        6.70
860207 5  7     -0.3344835707516154E+00     0.2570347396229380E+00        7.13
860214 5  7      0.1609460548859388E+01     0.2612105337371418E+00        7.06
860221 5  7      0.1804044733180518E+01     0.2616848739461801E+00        6.77
860228 5  7      0.4250467071851759E+01     0.2730178132953540E+00        6.84
860307 5  7     -0.9865555292420680E+00     0.2569117333389102E+00        6.14
860314 5  7     -0.7778684751343974E+00     0.2460408631461348E+00        6.32
860321 5  7      0.3770661568887022E+00     0.2425161627438115E+00        6.21
860327 4  6     -0.2955881518653399E+01     0.2267942985367597E+00        6.19
860404 5  8     -0.2619122401773012E+01     0.2336060780646534E+00        6.22
860411 5  7      0.3138267205691193E+01     0.1627870185461262E+00        5.89
860418 5  7      0.3666490045707334E+01     0.1779310618594110E+00        5.82
860425 5  7      0.7905183078097195E+00     0.2020180696439553E+00        5.61
860502 5  7     -0.1359620132228372E+00     0.1926674558335009E+00        5.61
860509 5  7      0.1299118281988541E+01     0.1906381257839627E+00        5.80
860516 5  7     -0.1516273731582018E+01     0.2239491616984992E+00        5.80
860523 5  7     -0.3057445306496320E+01     0.2084134833975071E+00        5.61
860530 5  7     -0.1362579626647190E+01     0.1969684130613558E+00        6.07
860606 5  7      0.3556133088225010E+01     0.2130405811449094E+00        6.27
860613 5  7      0.8322627044568520E+00     0.2148229509845265E+00        5.92
860620 5  7     -0.1301590167190824E+01     0.1985918889899381E+00        5.90
860627 5  7      0.1346777716621062E+01     0.2059068509555857E+00        5.88
860703 4  6      0.1884309639888016E+01     0.1959823565518519E+00        5.80
860711 5  8     -0.5053534462053193E+00     0.1812200025034230E+00        5.49
860718 5  7      0.1379604619762105E+01     0.1697765249935514E+00        5.35
860725 5  7     -0.9291953175235790E-02     0.1697607367739380E+00        5.30
860801 5  7      0.3018385236465590E+01     0.1509398084765366E+00        5.58
860808 5  7      0.1058974998544286E+01     0.1622898573456695E+00        5.18
860815 5  7      0.2665053061327996E+00     0.1529553450175314E+00        4.98
860822 5  7      0.1058469019215764E+01     0.1300310540309226E+00        4.51
860829 5  7     -0.5720867374079290E+00     0.1171334208306405E+00        5.06
860905 5  7      0.9061408655456092E+00     0.1157373634693357E+00        4.89
860912 5  7     -0.2250068109021285E+01     0.1324267917042618E+00        4.77
860919 5  7      0.4325580169295435E+01     0.1181157510710164E+00        5.19
860926 5  7     -0.2625045139158076E+01     0.1248516630848542E+00        5.18
861003 5  7      0.2274035451445058E+01     0.1277251968553799E+00        4.88
861010 5  7      0.2505954202500788E+00     0.1129731434901942E+00        4.91
861017 5  7      0.1061897771659034E+01     0.1193083505877297E+00        5.10
861024 5  7     -0.2657432158263177E+01     0.1210729283574778E+00        5.16
861031 5  7     -0.2183659583393336E+01     0.9427007865079418E-01        5.06
861107 5  7     -0.8452575519854122E-01     0.1087374320624548E+00        5.06
861114 5  7      0.2952017896812052E+01     0.1219042083519213E+00        5.28
861121 5  7     -0.1887824098843396E+00     0.1365832066011876E+00        5.28
861128 5  7      0.1985027584052574E+01     0.1190968135344548E+00        5.01
861205 5  7     -0.1047501783830995E+01     0.1127890903648989E+00        4.99
861212 5  7     -0.1467141306808571E+01     0.9631894463868206E-01        5.14
861219 5  7      0.9523860251210294E+00     0.1321712433211957E+00        5.02
861226 5  7      0.2080049328877550E+01     0.1706290358989832E+00        4.74
870102 5  7      0.2446948215596848E+01     0.1331263835084826E+00        4.72
870109 5  7     -0.2863692326432386E+00     0.1222796828854342E+00        4.89
870116 5  7      0.3707999928248391E+01     0.1539770915663894E+00        4.91
870123 5  7      0.1893144725070961E+01     0.1514138992859557E+00        5.07
870130 5  7     -0.6441466800816684E+00     0.1504409745603894E+00        5.52
870206 5  7     -0.1531921776993620E+01     0.1589315569104954E+00        5.46
870213 5  7      0.1586581521453731E+01     0.1723737379076269E+00        5.49
870220 5  7      0.8210039627043386E-01     0.1725154377313132E+00        5.21
870227 5  7     -0.5475931612746621E-01     0.1998714721991490E+00        5.30
870306 5  7     -0.5725987014885021E+00     0.1987291463920613E+00        5.37
870313 5  7     -0.6774175749346441E+00     0.2460491446677224E+00        5.35
870320 5  7      0.1058785511959172E+01     0.2049588054311897E+00        5.45
870327 5  7      0.4650534985340755E+00     0.2168513497146591E+00        5.20
870403 5  7      0.4397370206944444E+00     0.2205681735516478E+00        5.37
870410 5  7      0.3586154646495458E+00     0.2075674004055017E+00        5.72
870416 4  6     -0.4852772289375054E+00     0.2286140770757044E+00        5.13
870424 5  8      0.1680954255722327E+01     0.2380454743324378E+00        4.93
870501 5  7     -0.3072200753046346E+00     0.2373144059604470E+00        5.00
870508 5  7      0.1953944489880328E+00     0.2657903310763316E+00        5.06
870515 5  7      0.7684666792386352E+00     0.2791933013975552E+00        5.00
870522 5  7      0.3379329798423924E-01     0.2961795037078900E+00        4.49
870529 5  7     -0.2492340845245707E+01     0.2613852698944186E+00        5.32
870605 5  7      0.3578372767942426E+00     0.2788556474261554E+00        5.38
870612 5  7      0.4420566585386254E+00     0.2773157628582652E+00        5.16
870619 5  7     -0.1211080371064881E+01     0.2712294761369449E+00        5.32
870626 5  7      0.1094991127744365E+00     0.2770200359126846E+00        5.42
870702 4  6     -0.1806639740129228E+00     0.2710362630009158E+00        5.18
870710 5  8     -0.7734122035532636E+00     0.2689453103397526E+00        5.24
870717 5  7     -0.5519738466414452E+00     0.2350591255477142E+00        5.35
870724 5  7     -0.7012433871521750E-01     0.2456506249538677E+00        5.28
870731 5  7     -0.6199210473049277E-01     0.2401501727831104E+00        5.53
870807 5  7     -0.1417970143651175E+01     0.2473635775172340E+00        5.32
870814 5  7     -0.5774544547939016E+00     0.2247578190097954E+00        5.51
870821 5  7      0.3537772787153827E+01     0.2575486423070998E+00        5.50
870828 5  7      0.6175276928624172E+00     0.2453999785366179E+00        6.09
870904 5  7      0.1032292228316670E+01     0.2702064404296607E+00        5.86
870911 5  7     -0.4385728453219073E+00     0.2801872002294346E+00        5.74
870918 5  7      0.1390485810836140E-01     0.2857265273709828E+00        6.25
870925 5  7     -0.9319325943735848E+00     0.2995867397096674E+00        6.41
871002 5  7     -0.1023940639672318E+01     0.3156580816245125E+00        6.29
871009 5  7      0.9443301616701306E+00     0.3159069123340643E+00        6.57
871016 5  7      0.1297214039545750E+01     0.3478554760612198E+00        6.15
871023 5  7      0.7165091919079600E+00     0.2830527066839466E+00        4.74
871030 5  7      0.2953082277846854E+01     0.2944388096291277E+00        4.19
871106 5  7      0.3161855897234382E+01     0.2591695817776696E+00        4.50
871113 5  7     -0.7998857638490335E+00     0.2630189467466906E+00        4.44
871120 5  7      0.1864485575408480E+01     0.3161560022627086E+00        5.22
871127 5  7      0.1780366335248935E+01     0.3956158155243870E+00        4.28
871204 5  7     -0.1225679904800053E+01     0.3725190930645681E+00        4.01
871211 5  7      0.1277779038812625E+01     0.3834656948108020E+00        3.74
871218 5  7      0.3373106517681918E+00     0.3724901188914416E+00        4.80
871224 4  6     -0.4964614407762937E+00     0.3644441672542342E+00        3.63
871231 4  7      0.3775443723075370E+01     0.3275835886762337E+00        3.68
880108 5  8     -0.4984720168026932E+01     0.3115693260037276E+00        5.03
880115 5  7     -0.1528638046861289E+01     0.3068951890821410E+00        5.63
880122 5  7      0.4262492108795754E+00     0.3082081416034370E+00        5.00
880129 5  7     -0.2774175120269788E+00     0.2893667278739116E+00        5.23
880205 5  7     -0.6236100387710337E+00     0.2816276967030830E+00        5.30
880212 5  7     -0.1571366498094399E+01     0.2539138121893956E+00        5.45
880219 5  7      0.6578490210786256E+00     0.2643561533650427E+00        5.16
880226 5  7      0.1002366883127287E+01     0.3234856139563434E+00        5.11
880304 5  7     -0.3549249511141497E+00     0.2809375137553118E+00        5.18
880311 5  7      0.1919696486539344E+01     0.2924273932050880E+00        5.42
880318 5  7     -0.1919696486539344E+01     0.2838983291403992E+00        5.38
880325 5  7      0.9403388631666730E+00     0.2895135511735844E+00        5.35
880331 4  6      0.1178194793091954E+01     0.2929497889579551E+00        5.66
880408 5  8     -0.9902556539019116E+00     0.3050931835413380E+00        6.01
880415 5  7      0.8095384668105297E+00     0.3075164819099570E+00        5.56
880422 5  7     -0.6002422585015097E+00     0.3176796016489120E+00        5.42
880429 5  7      0.1377370267383498E+00     0.3091610017380688E+00        5.68
880506 5  7     -0.7641376589255202E+00     0.3156927395932314E+00        6.03
880513 5  7      0.7430656229656307E-01     0.3547424387577678E+00        5.75
880520 5  7     -0.1315457980190736E+01     0.3559928771696264E+00        5.87
880527 5  7     -0.6645130090353675E+00     0.3361245544309597E+00        5.81
880603 5  7     -0.5904870481302211E+00     0.3399623685793145E+00        6.04
880610 5  7      0.3340841221923796E+00     0.3352039865334362E+00        6.03
880617 5  7     -0.2059256293041372E+01     0.3054832290132339E+00        6.14
880624 5  7     -0.2394087698338310E+01     0.2926629042650575E+00        6.00
880701 5  7     -0.1436886527030623E+01     0.2884817103243833E+00        6.27
880708 5  7     -0.5490950629172886E-01     0.2993783179258642E+00        6.16
880715 5  7     -0.1874290912504890E+01     0.2668249833085170E+00        5.94
880722 5  7      0.1600468178434788E+01     0.2821038556677422E+00        6.10
880729 5  7     -0.2284292682592053E+01     0.2569114571281688E+00        6.29
880805 5  7     -0.6261795258692189E+00     0.2606315137234958E+00        6.22
880812 5  7     -0.2650379155172544E-01     0.2712119885265452E+00        5.71
880819 5  7     -0.1061571788425795E+00     0.2815632755370814E+00        6.77
880826 5  7      0.1208815928030028E+01     0.2769153951924821E+00        7.21
880902 5  7     -0.6156006807654748E+00     0.2805650546490952E+00        6.93
880909 5  7      0.1551640243628554E+01     0.2795775973967878E+00        7.16
880916 5  7     -0.1639655505288126E+01     0.2643319872632120E+00        6.75
880923 5  7     -0.1465201727328065E+00     0.2692827785851150E+00        7.08
880930 5  7     -0.3992281641953354E-01     0.2851320333437357E+00        7.00
881007 5  7      0.1016323270621832E+01     0.3096725392329418E+00        6.81
881014 5  7      0.2036785152142933E+01     0.2994879624370057E+00        6.75
881021 5  7      0.1855183167709860E+01     0.3051044339633151E+00        7.36
881028 5  7      0.3920475477964444E+00     0.2894758163076716E+00        6.82
881104 5  7     -0.3361347702704834E+00     0.2885030183476686E+00        6.81
881110 4  6      0.1586909860603967E+01     0.3045232067264862E+00        7.12
881118 5  8      0.1306966659171948E+01     0.3200281357444084E+00        8.07
881125 5  7      0.9370193707406926E+00     0.3288760535669794E+00        7.04
881202 5  7     -0.1138313587549142E+01     0.3597387056674961E+00        6.86
881209 5  7      0.1436826878447448E+00     0.3372192689502640E+00        6.22
881216 5  7     -0.1172614608869971E+01     0.3275760359143973E+00        7.41
881223 5  7     -0.1060549022835538E+01     0.3861718249815098E+00        6.10
881230 5  7      0.9851529810362080E-01     0.3356798320979450E+00        6.51
890106 5  7     -0.1786316487156370E+01     0.3186815244480244E+00        7.45
890113 5  7     -0.1537224890396900E+01     0.3301548722644654E+00        7.58
890120 5  7     -0.7679508047760137E+00     0.3032192268251918E+00        7.06
890127 5  7     -0.4594408415617579E-01     0.2733264525325936E+00        7.65
890203 5  7     -0.1608182608418034E+01     0.2369729282341808E+00        7.93
890210 5  7      0.2014356283431234E+01     0.2580647995543046E+00        7.94
890217 5  7      0.3805388558100660E+00     0.2317499404080792E+00        7.69
890224 5  7      0.4995575316748884E+00     0.2713808507285975E+00        7.49
890303 5  7     -0.8530172862262475E+00     0.2853456654511035E+00        7.75
890310 5  7     -0.1106474653809663E+01     0.3171960402581106E+00        7.73
890317 5  7     -0.3295690455398060E+00     0.3349368761323604E+00        8.94
890323 4  6      0.1606297028376744E+00     0.3355299870988375E+00        8.94
890331 5  8     -0.1383626362455928E+01     0.3308588134849586E+00        8.64
890407 5  7      0.1338088411144639E+01     0.3273160269074040E+00        8.66
890414 5  7     -0.4808452975264856E+00     0.3203421427856412E+00        8.56
890421 5  7      0.1511851644089468E+01     0.3035150428984110E+00        8.49
890428 5  7     -0.1698245087160039E+01     0.3144071836235724E+00        8.43
890505 5  7     -0.8477404008696396E+00     0.2826464972577654E+00        8.28
890512 5  7     -0.1023496665835694E+01     0.2955276368775514E+00        8.02
890519 5  7     -0.2712231465260558E+01     0.2595289228333542E+00        8.15
890526 5  7      0.3640394534965736E+00     0.2426302480122758E+00        8.21
890602 5  7     -0.4072288651405813E+00     0.2492308199894638E+00        8.36
890609 5  7     -0.9530261598449670E+00     0.2191243462445698E+00        8.19
890616 5  7     -0.9166104746542488E+00     0.2271168381266478E+00        8.18
890623 5  7      0.3044969831099010E+01     0.2367231636141298E+00        8.19
890630 5  7     -0.3259141340277125E+00     0.2128451522217176E+00        8.13
890707 5  7      0.3140800436606817E+01     0.2063985313168075E+00        7.70
890714 5  7      0.3707102684812966E+00     0.1806353212205280E+00        7.77
890721 5  7     -0.5292417751465379E+00     0.1823249920154808E+00        8.20
890728 5  7      0.8481365444631948E+00     0.1625488610411452E+00        7.75
890804 5  7      0.2132162313792776E+00     0.1494849189178211E+00        7.74
890811 5  7     -0.2580501949211893E+01     0.1587430343479212E+00        7.12
890818 5  7     -0.2007272746421378E+01     0.1632414466335206E+00        7.95
890825 5  7      0.1606385087330864E+00     0.1660601758357387E+00        7.74
890901 5  7     -0.6688988150796575E+00     0.1471297289840123E+00        7.43
890908 5  7     -0.4628057272443584E+00     0.1464498797250826E+00        7.35
890915 5  7     -0.5459798789713517E+00     0.1305746120508502E+00        7.59
890922 5  7      0.2387113036439217E+01     0.1388782667358299E+00        7.57
890929 5  7      0.4011550600785327E+01     0.1124227814132297E+00        7.64
891006 5  7     -0.1558209439594663E+01     0.9222783562604774E-01        7.55
891013 5  7     -0.6903186330579842E+00     0.3929623683146133E-01        7.70
891020 5  7      0.3119080548159843E+01     0.7018874039668788E-01        7.54
891027 5  7      0.2133644490945343E+00     0.5410230878308653E-01        7.62
891103 5  7      0.1813580693870378E+00     0.4070186105965234E-01        7.56
891110 5  7     -0.4622192008387103E+00     0.5400449377416550E-01        7.56
891117 5  7      0.6873437246310843E+00     0.5437707018770510E-01        8.08
891124 5  7      0.2160183906384624E+01     0.4440497408666744E-01        7.09
891201 5  7      0.1031943336933708E+01     0.4486568411302727E-01        7.09
891208 5  7      0.6271376207797985E+00     0.7902238437913667E-01        7.30
891215 5  7      0.2187604795209602E+01     0.6634268604678084E-01        7.09
891222 5  7      0.1189223932438864E+01     0.3210319746231250E-01        6.58
891229 5  7      0.1292235309390030E+01     0.3015120831200590E-02        6.48
900105 5  7     -0.2361383548235949E+00     0.1769547159805285E-01        7.19
900112 5  7      0.8291435295958394E+00     0.2379112828159436E-01        7.31
900119 5  7     -0.2039775234202189E+01     0.2331070263186064E-01        7.49
900126 5  7      0.1645015504796192E+01     0.2073490432345437E-01        7.39
900202 5  7      0.3441629268649251E+00     0.1783378913300026E-01        7.47
900209 5  7      0.8176709239104980E+00     0.0000000000000000E+00        7.42
900216 5  7     -0.1498912821624344E+01     0.5962925365736282E-02        7.57
900223 5  7      0.9788877405793884E+00     0.1788695449556599E-01        7.24
900302 5  7     -0.2211044614823294E+01     0.5831583859816192E-02        7.56
900309 5  7      0.7609718578398770E+00     0.2356537006333781E-01        7.86
900316 5  7      0.1882076720829318E+00     0.3238389665455798E-01        7.98
900323 5  7     -0.5489277429714292E+00     0.4099200713272922E-01        7.99
900330 5  7      0.9204999782093922E+00     0.5319463450691586E-01        7.88
900406 5  7     -0.3840075667140752E-01     0.3550541642587035E-01        7.83
900412 4  6      0.1149523299178476E+01     0.3292747708169230E-01        7.65
900420 5  8     -0.3280842837906804E+00     0.3281960652484628E-01        7.62
900427 5  7     -0.1397944493783356E+00     0.4163818972105560E-01        7.44
900504 5  7      0.4171044238781505E+00     0.3589775331158762E-01        7.66
900511 5  7      0.2846951815153502E+01     0.2771505378390770E-01        7.45
900518 5  7     -0.1242631282669848E+01     0.2433770058373596E-01        7.09
900525 5  7     -0.2119562986956218E+01     0.1782531199015836E-01        7.15
900601 5  7     -0.2877358376917485E+00     0.2073674707117590E-01        7.34
900608 5  7     -0.3813808226585636E+00     0.1770642747941764E-01        7.38
900615 5  7      0.5608111246615977E-01     0.1777542089170936E-01        7.32
900622 5  7      0.7706025092665953E+00     0.2082930393023474E-01        7.28
900629 5  7      0.5459685086571255E+00     0.1202692956630358E-01        7.52
900706 5  7      0.1004217699508892E+01     0.9126213422533170E-02        7.46
900713 5  7      0.6061910479362282E+00     0.0000000000000000E+00        7.47
900720 5  7      0.1521236754361013E+00    -0.6028500193181685E-02        7.37
900727 5  7      0.1274722331945540E+01    -0.6167509561599616E-02        7.44
900803 5  7      0.1858216780817415E+01    -0.3141196821809444E-01        7.19
900810 5  7     -0.3543823193543076E+00    -0.1878169416400510E-01        7.29
900817 5  7      0.2890191006887996E+01    -0.6444544695156651E-02        7.77
900824 5  7     -0.1738570946613933E+00    -0.6433350491164447E-02        7.41
900831 5  7     -0.8743470116928691E+00    -0.1913082300257685E-01        7.37
900907 5  7      0.5435664862495244E+00    -0.1923508485398173E-01        7.30
900914 5  7     -0.7028782930843249E+00    -0.1273398702853967E-01        7.18
900921 5  7     -0.4764182427118442E+00    -0.6336934826741469E-02        7.07
900928 5  7      0.8911580300563315E+00    -0.1278690622547884E-01        6.92
901005 5  7      0.1829289794605074E+01    -0.6511688483115563E-02        6.85
901012 5  7      0.9487116433090534E+00    -0.1314708300989764E-01        6.84
901019 5  7      0.7125215696381346E+00    -0.9930979699284138E-02        7.12
901026 5  7     -0.2512813357253165E+00    -0.2311260803050885E-01        6.91
901102 5  7      0.1005600628438920E+01    -0.5002084306047294E-01        6.56
901109 5  7      0.5250584776333795E+00    -0.3687748336209750E-01        6.64
901116 5  7      0.8418125003328569E+00    -0.4394935752549145E-01        6.57
901123 5  7     -0.3375758531024076E+00    -0.2695690281514374E-01        6.86
901130 5  7     -0.1329045557462443E+01    -0.4654719637188265E-01        6.55
901207 5  7      0.1271770822476938E+01    -0.9089838523764370E-01        6.61
901214 5  7      0.6738544729378759E-01    -0.1212611304610576E+00        6.29
901221 5  7     -0.2200088739775914E+01    -0.1054504810033734E+00        5.99
901228 5  7      0.4626577981742201E+00    -0.1290984803342852E+00        5.52
