 1.00668826e+01 5.26315789e-02
 1.30452096e+01 1.05263158e-01
 1.13915354e+01 1.57894737e-01
 7.15710425e+00 2.10526316e-01
 1.06884291e+01 2.63157895e-01
 9.46083160e+00 3.15789474e-01
 8.81282603e+00 3.68421053e-01
 9.09131857e+00 4.21052632e-01
 8.40613562e+00 4.73684211e-01
 1.00248742e+01 5.26315789e-01
 1.01863342e+01 5.78947368e-01
 1.05052525e+01 6.31578947e-01
 1.19167829e+01 6.84210526e-01
 1.09002112e+01 7.36842105e-01
 8.45853702e+00 7.89473684e-01
 7.16205529e+00 8.42105263e-01
 8.82247557e+00 8.94736842e-01
 1.04623739e+01 9.47368421e-01
 8.67990980e+00 1.00000000e+00
 1.17307956e+01 3.00000000e+00
