# Created by Octave 2.1.60, Wed Dec 01 12:23:51 2004 CET <mcreel@yosemite>
# name: poisson_data
# type: matrix
# rows: 1000
# columns: 4
 1 1 0.778420787766202 -1.30344996269299
 54 1 0.917221866944903 0.385525894077181
 11 1 0.638137878740747 0.00423402978823272
 17 1 0.955401010924956 0.0307318490320281
 3 1 0.3172388714596 -0.368928241923834
 1 1 0.309927247254333 -0.997385084856285
 0 1 0.370610925294603 -1.23077030937203
 5 1 0.208877909395586 0.125745150034919
 0 1 0.590210064838066 -1.30039264580578
 4 1 0.288266160303924 -0.0103701388950505
 19 1 0.742974554195338 0.226995448392574
 0 1 0.117876686738419 -0.250078864039735
 0 1 0.303350755909369 -1.07734391643886
 0 1 0.00282697185415786 -0.517470804567013
 3 1 0.262903676804285 -0.344985895940184
 1 1 0.154692636610157 -0.187065136701249
 0 1 0.679695405716344 -0.985688237754598
 28 1 0.963812001105777 0.171994084547952
 1 1 0.556950084245414 -0.406872972349398
 8 1 0.317755878380679 0.0764318677449038
 83 1 0.332190010829391 0.939328695782744
 564 1 0.775504103512339 1.26934356150102
 20 1 0.326387980970099 0.443267671617802
 13 1 0.721479162815007 0.061537473283411
 0 1 0.463949756827117 -2.8598558432506
 4 1 0.304307682703545 0.177776169075808
 0 1 0.680385547368233 -1.50935477554028
 1 1 0.58462661439318 -0.877582658512011
 312 1 0.257030958792761 1.38254949829054
 0 1 0.617279846050551 -1.35124613362523
 50 1 0.341993802856111 0.744756621625334
 6 1 0.382371607750441 0.163466082663387
 19 1 0.459419352888234 0.333072430209636
 0 1 0.932670127364635 -1.64854935005988
 0 1 0.0374483040947394 -1.4730118717911
 3922 1 0.188778561180588 2.29525076892409
 3692 1 0.451992385529983 2.10488272010565
 6687 1 0.66427292986143 2.1564496555335
 1 1 0.640735400218613 -1.10952578793545
 11 1 0.834377028068944 -0.0800814050541076
 0 1 0.141763324566795 -3.19095989430829
 0 1 0.00929455268531547 -0.790643796184952
 2177 1 0.943553367566215 1.61018628261812
 0 1 0.599147689330845 -1.01768543318315
 1 1 0.711547798348173 -0.686629658086347
 665 1 0.331635904454288 1.60086289663117
 14 1 0.0688343749662415 0.385326233310953
 0 1 0.682045009354768 -1.24335399573005
 87 1 0.986716955161548 0.45749483989164
 0 1 0.914371096950234 -1.88170943542323
 0 1 0.316415267450404 -0.92257870318952
 1 1 0.0264145886274481 -0.257871389634773
 15 1 0.367434308066748 0.286852992681524
 48 1 0.596900717649106 0.605402907172751
 1 1 0.284411436344908 -0.586207674790247
 0 1 0.355629021001108 -1.62725847661644
 7 1 0.0541533197454727 0.103309841530446
 7 1 0.0491491412294869 0.0572093801336615
 15 1 0.222155455925725 0.264074193423771
 10 1 0.674239430657622 0.0887350889571972
 0 1 0.464514520769369 -0.861153643497924
 0 1 0.154370491604689 -1.24360763059064
 0 1 0.0470126391667589 -1.86667257110388
 0 1 0.523063021831489 -1.82181158726745
 2 1 0.073166370528488 -0.00877241213044173
 6 1 0.510509508823095 -0.147804276317626
 2078 1 0.988316845632554 1.55400803199671
 0 1 0.300098495236693 -0.445383567117111
 147 1 0.943254318400943 0.698754935888402
 4 1 0.273995193526546 0.00368515666326867
 3322 1 0.716927417677583 1.89531100824105
 10 1 0.0818442634163173 0.450809539234452
 0 1 0.645784340283739 -2.49158022579793
 338 1 0.861540632645586 1.03200676940275
 0 1 0.310170995360608 -1.49182527459742
 0 1 0.312699057541996 -0.331841236576756
 0 1 0.115991126759466 -0.728260438429924
 1382 1 0.726106030267988 1.59806268797489
 1687 1 0.570390021362821 1.75857502347043
 12 1 0.4928283247429 -0.0299261261177539
 7 1 0.382638816809717 0.140026676997796
 9 1 0.609352959315713 -0.0955091455106581
 9 1 0.706741749143795 -0.224173092836999
 0 1 0.336266426851619 -0.493497924396674
 11 1 0.575675190858489 0.014453796924241
 2 1 0.00557313577941125 -0.137422793118353
 2 1 0.938628522703987 -0.751241440082498
 0 1 0.340488353818611 -1.66564781425556
 8 1 0.380959379278597 0.144066132484317
 46 1 0.944266833909162 0.274263096032389
 12 1 0.429299413630787 0.283728697410009
 3 1 0.142171144473383 -0.162607482396427
 17 1 0.765772884866684 0.0639600115879218
 2321 1 0.583325370369175 1.86821120921925
 0 1 0.759008574565436 -0.994178126473734
 279 1 0.196184646644691 1.40406021356222
 0 1 0.105094615643777 -0.954646815931909
 57 1 0.477594664789077 0.669084989201547
 0 1 0.491881625616718 -1.17029545043029
 0 1 0.70359548961449 -1.35999584642388
 2 1 0.714610093867656 -0.648741603841126
 0 1 0.125087286763914 -1.44797595788413
 12 1 0.0334687238379005 0.422834854177303
 14 1 0.0709378923257861 0.548161967136717
 0 1 0.929573372211501 -0.897689733954707
 14 1 0.602669396628175 0.189251189645576
 79 1 0.00110366775605235 1.13810905768179
 237 1 0.597618953752317 1.08259837053595
 0 1 0.920030559417476 -1.48619144413962
 6 1 0.700802304031557 -0.301887416386043
 1 1 0.902279445117039 -1.07981556541726
 275 1 0.292520588545734 1.33550406421697
 10 1 0.156992471531976 0.191378535629226
 528 1 0.779033940299032 1.23962149342647
 0 1 0.0382336143171293 -1.41942644007777
 0 1 0.345142968731264 -0.469362392491535
 0 1 0.63442040403903 -1.28060255705688
 6 1 0.669024809211264 -0.0429268229020034
 0 1 0.934017105639776 -2.0991565874844
 0 1 0.651880746628799 -1.48810515835039
 1 1 0.493412003304773 -1.02531762108866
 10 1 0.000610311408558206 0.538800741037172
 470 1 0.983019877158347 1.06557322448894
 4 1 0.745210660685967 -0.413779115209955
 24 1 0.844228921842712 0.272590696234129
 10 1 0.151311551806636 0.293873122501018
 79 1 0.900734910300778 0.47602252992576
 287 1 0.661085299966692 1.11745416826778
 1 1 0.485804028251927 -1.03735190709522
 465 1 0.372768377284687 1.46090768665554
 46 1 0.21501722523071 0.798903376880561
 181 1 0.208570351708457 1.25997175885934
 6025 1 0.420494458150312 2.28936698772467
 16 1 0.894680707554124 0.0134864224452306
 3 1 0.311555302512758 -0.354934867877814
 48 1 0.408392288520964 0.621963438927011
 141 1 0.460890482538786 1.02702015799731
 0 1 0.0127169842454863 -0.21290844935765
 53 1 0.530590044581801 0.58811961324898
 38153 1 0.519598589715415 2.83630728333096
 27 1 0.777491622775352 0.252205828884161
 1 1 0.154188249192011 -0.449051987602135
 4 1 0.78818296274412 -0.0614061371468219
 1 1 0.943804433698667 -0.631293502789684
 0 1 0.73309057166971 -1.89841908137436
 277 1 0.913494463638961 0.933370464543482
 1 1 0.58801536650945 -1.51661218470401
 0 1 0.076488085889824 -0.655774015242166
 4 1 0.164011948044831 -0.257319046513799
 56748 1 0.511519114099923 2.97330781181796
 9 1 0.866297346986494 -0.306218272293566
 64 1 0.378064623718691 0.707022344756646
 1 1 0.486876763095655 -1.06518763009062
 1 1 0.306543164803532 -0.309669384342797
 55 1 0.256602536413314 0.759359757835786
 84 1 0.0989233440132779 1.07777989769866
 12 1 0.958690481562163 0.0351121368140876
 25 1 0.0323230435224607 0.743060513730876
 8 1 0.103741170354539 0.352197284090365
 1 1 0.294663237473297 -0.333309410595927
 9 1 0.0317017541479746 0.241893863454662
 88 1 0.158220405397028 1.05761919404073
 1 1 0.596344383854253 -1.38310962102418
 0 1 0.791227546595351 -2.37994192441993
 53 1 0.517686144201996 0.683848074924284
 31 1 0.739770941626275 0.377073107269055
 2 1 0.957997517225247 -0.778473879756703
 0 1 0.20311184555298 -0.997807291766059
 3 1 0.544364124841043 -0.64583644914979
 0 1 0.278808657738795 -0.552878004885663
 4 1 0.22699491364081 -0.0961510634520842
 2 1 0.774708865492024 -0.714679388945838
 9 1 0.517301859763925 0.119037635469991
 0 1 0.799604194319928 -1.90797379313202
 25 1 0.593836428899697 0.36552057761387
 1277 1 0.846301814102188 1.48855976986564
 2 1 0.786613322001548 -0.242653068962958
 0 1 0.0167377902380875 -0.792278464086635
 31 1 0.736361499114928 0.36604103888972
 21 1 0.707323572773145 0.215908073604048
 11 1 0.424443616585781 0.127465990283811
 399 1 0.350011490904854 1.42172672121765
 0 1 0.624288639033719 -1.06313283123739
 56 1 0.828389314045278 0.494450664988303
 827 1 0.446137588679796 1.60045435252895
 0 1 0.417383151678639 -2.01191743991372
 188 1 0.00527264129489384 1.39407654248482
 11 1 0.975973989628615 -0.13513379149268
 11 1 0.285048668809915 0.388343372097551
 15 1 0.197385594058034 0.498775212401962
 370 1 0.764235484949225 1.14403069160499
 8 1 0.227694870238335 0.119026719985753
 0 1 0.161102260055137 -0.841829328592888
 0 1 0.404483205939965 -0.790241757460768
 0 1 0.441465423142453 -1.39553142765374
 39 1 0.847596352917277 0.284740138219351
 165 1 0.400153921186728 1.10781831970081
 7 1 0.39228451215004 0.224366929591036
 11 1 0.847438804698444 -0.111215168710123
 3 1 0.148388731271228 -0.146966893092909
 6 1 0.554539653094081 -0.134527011269348
 170 1 0.819047766639704 0.842715113736121
 0 1 0.211173169502458 -2.00261498648048
 0 1 0.776523084694212 -0.629316248026429
 15 1 0.786850821997039 0.15635620374344
 0 1 0.671669186683669 -1.73861714899418
 5 1 0.53871700206751 -0.0306256039439217
 38 1 0.841754800832612 0.226323225755174
 0 1 0.867412272002821 -0.997192534360917
 8 1 0.669114791505076 -0.399603146377252
 86 1 0.782670550221937 0.638673607209055
 3 1 0.892798218203156 -0.327251378576587
 2 1 0.073611683011725 -0.190362304590545
 96 1 0.587924604399293 0.730998435523207
 13 1 0.356064854295131 0.14631547598423
 1 1 0.382066615462839 -0.647987945314775
 34 1 0.411734719516699 0.461424516824479
 149 1 0.527485192249093 0.956137661744416
 0 1 0.650642404300746 -1.11815222602849
 0 1 0.877424855630683 -2.88376615387807
 8 1 0.161751196607625 0.256714978668867
 0 1 0.435503155207211 -0.745372490340983
 536 1 0.871363497115692 1.17216414292552
 1 1 0.409906645171866 -0.909193915710343
 19 1 0.570896460518064 0.274040263322191
 3 1 0.580129334296544 -0.308663162832614
 0 1 0.799776032032322 -1.62310799531904
 36 1 0.394958161428847 0.561875502489025
 52 1 0.282173288443103 0.725124042419067
 1 1 0.390021066352852 -0.367186199824491
 20 1 0.817327457286587 0.121589991938781
 1 1 0.317975495406397 -0.608637358327594
 32 1 0.879819461025946 0.20980452918938
 17 1 0.40588351688352 0.467154240743077
 7 1 0.943225160376089 -0.181190084405586
 0 1 0.278763341023067 -0.94169452807984
 13 1 0.799256641551507 0.0957453349763975
 810 1 0.578713355068768 1.51026384373813
 47 1 0.912487979873536 0.389579743307476
 1997 1 0.286424914328926 2.01203417912774
 0 1 0.320442857934802 -1.30571223720571
 6 1 0.257505604500752 -0.0261064388688898
 75 1 0.475998565143149 0.816998109908826
 11 1 0.372207693558916 0.162000017210861
 1 1 0.252037749106481 -1.24031212449665
 23 1 0.356446334519656 0.449129592507637
 12 1 0.0454114451602654 0.414176325465183
 6895 1 0.847045191510405 2.03784002161236
 0 1 0.43394207140068 -0.788643704638664
 13 1 0.0127640933215415 0.489031503848928
 1 1 0.552212107436508 -0.434248432903005
 2 1 0.563900595026337 -0.474167791767245
 7 1 0.248752812525727 0.208970608193953
 0 1 0.426334669335311 -1.0822019485367
 181 1 0.892959746602684 0.828188830847004
 34 1 0.350352035369752 0.592074653734466
 2 1 0.604349188304141 -0.43547720041835
 2 1 0.156099866050514 -0.0679261190122399
 23 1 0.847063368262145 0.106694301410671
 1 1 0.17584694883437 -0.52776875664929
 6 1 0.816041435662968 -0.161076300312525
 3 1 0.403621093619617 -0.28008892542774
 0 1 0.534851289806121 -1.05150921920201
 34 1 0.306293868447846 0.559377599689388
 60 1 0.394856470841305 0.800392066894424
 42 1 0.421190107315422 0.614937210606318
 19 1 0.632287291295929 0.113258771435599
 1 1 0.716994794069502 -0.918925740360345
 0 1 0.0377214945073755 -0.97205112165176
 5 1 0.160867168561306 0.139531972824738
 0 1 0.324418631540439 -0.78300618014568
 266 1 0.81223370112023 0.991240792951852
 1 1 0.671951514654256 -0.721064573413619
 241 1 0.480867612584472 1.19981544860012
 4 1 0.76745869576413 -0.00577834762002981
 33 1 0.700539835465769 0.41355555078424
 17 1 0.739027419799883 0.183435762454565
 464 1 0.300748415762697 1.51916649621718
 188 1 0.5608773198626 1.0143890834655
 126 1 0.935200794064006 0.664604050764471
 19 1 0.743844140884149 0.186149550286203
 1 1 0.92732500320113 -0.860595023406437
 500 1 0.875098882047543 1.16177880501156
 2 1 0.0481780800808562 -0.439835903268966
 0 1 0.386274258484769 -1.03179107071366
 1 1 0.0350714858842835 -0.0277560527860886
 1 1 0.374441852252095 -0.652483971787692
 3 1 0.620193082486045 -0.3586061616911
 1 1 0.522915354918511 -0.594082886720429
 368 1 0.359199800393123 1.3822143223554
 0 1 0.281541762370895 -0.920468423317639
 0 1 0.536023414636853 -0.615838316274939
 1 1 0.915528425602195 -1.58315782190536
 2 1 0.262752411302228 -0.393198428247223
 246 1 0.141590145397552 1.36824291979413
 0 1 0.0157185466331527 -1.63187968181095
 5 1 0.414282453250392 -0.0752610652547795
 317 1 0.26297967799077 1.40604857779165
 0 1 0.638810956626302 -1.04081454718506
 5 1 0.731457242304837 -0.0377430662198027
 14 1 0.205038442050977 0.346424313644606
 0 1 0.594124682059459 -1.11100725600319
 142 1 0.628387293644822 0.865496606442992
 0 1 0.220001759125291 -0.743082777690563
 4 1 0.627830724089304 -0.524682708775969
 7 1 0.453042237277047 0.000531118631418285
 18 1 0.9461215797755 0.0919575474971557
 3 1 0.666411432781549 -0.185371301421846
 543 1 0.597996276538132 1.35886211528754
 24 1 0.810395394075301 0.175192228662439
 0 1 0.220115460615376 -2.12531102732317
 516 1 0.0747932283828643 1.69514520132505
 0 1 0.770352787873786 -1.11715203036149
 13 1 0.973055126283305 -0.0961603078615733
 30 1 0.185784227495628 0.772874201492884
 6 1 0.0361574574185012 -0.0527680977920802
 0 1 0.563743556850476 -1.7738058842618
 1 1 0.304860574317585 -1.01256656455324
 0 1 0.226909533606871 -0.607441990299505
 1 1 0.751091435490221 -0.878709529344654
 4 1 0.528321705519428 -0.128981350563011
 0 1 0.562716486585354 -0.984521907070428
 9 1 0.33673983776055 0.225005115614912
 511 1 0.0210822818512759 1.73305822730176
 15 1 0.232382689403169 0.385119927107279
 0 1 0.0784758419468339 -0.993354183750491
 166 1 0.118404206964015 1.27434249069436
 1 1 0.382322969755007 -0.962355698938819
 69 1 0.918993556842369 0.441293383890706
 16 1 0.873423414107185 0.0438036285205436
 7 1 0.931239584094768 -0.438368006045897
 42 1 0.970265876077908 0.280965188401705
 0 1 0.812971498106626 -1.31531669833794
 35 1 0.895839045746698 0.223719487999641
 677 1 0.256433154215762 1.66434877604261
 0 1 0.0532043412633649 -0.819972450300772
 17 1 0.504012660864853 0.255965831524279
 98 1 0.807738196838797 0.633518993149581
 14 1 0.41367053915009 0.142808665555113
 15 1 0.637382612427717 0.199154599616562
 3 1 0.870995005590419 -0.618514002758129
 210 1 0.56932604325324 1.07755550666767
 10 1 0.260345850700032 0.218636354711756
 23 1 0.357907406625731 0.568456218712618
 11 1 0.894752918499559 -0.334021630902225
 8 1 0.358037847515098 0.231695255874224
 41 1 0.851522014054906 0.4130939273407
 39 1 0.594872487914047 0.373037063016742
 0 1 0.471648175939189 -0.874097538513494
 159 1 0.29765780634841 1.11899385982774
 1820 1 0.758610700060165 1.65744416724632
 11 1 0.0239228042889407 0.24909242531919
 0 1 0.916000210963425 -2.13124756558413
 22 1 0.313433024729075 0.559406871451742
 67 1 0.98093051789326 0.519614347926683
 13 1 0.861410821579069 0.0309186277362457
 4 1 0.915725876595629 -0.265883884450978
 0 1 0.778806647810781 -0.733370624896919
 29 1 0.28279994635861 0.573762687954744
 1064 1 0.880653145416007 1.40508674841632
 2152 1 0.809019042810254 1.68063175231803
 2 1 0.531057168509631 -0.9282335888833
 0 1 0.0908628855471619 -1.99149559776181
 1 1 0.788321262371793 -0.908742662592667
 3 1 0.122904970045958 -0.0500230607408321
 0 1 0.71296692440446 -0.798979259283955
 1 1 0.641448043382311 -0.787532033541992
 16 1 0.481832498827729 0.134557418332921
 11 1 0.395243810381885 0.220383474467619
 25 1 0.572264122944924 0.430512602845486
 0 1 0.902828657532593 -1.52988415805178
 0 1 0.769847273202523 -2.5011022868029
 2 1 0.642489267813155 -0.936692321014318
 3 1 0.82545599776876 -0.404492176233444
 2266 1 0.659374049875746 1.80226862966861
 4 1 0.388402221135529 -0.128860998341645
 65 1 0.787028412965221 0.58194518245776
 188 1 0.327104434017263 1.22926837406826
 7 1 0.105492864014047 0.290239737671228
 8189 1 0.78376542871232 2.14921634461005
 0 1 0.392460637235563 -1.06329479180505
 0 1 0.788936360779661 -0.288000008340999
 0 1 0.839571691826662 -1.97200170189783
 3 1 0.631937862481982 -0.389934749495182
 0 1 0.103680364875982 -0.747906297578597
 65 1 0.366746444586815 0.777941679188405
 6 1 0.0751645574391463 0.152264351068393
 0 1 0.923793629579031 -0.997740477959042
 633 1 0.777689015843496 1.30554122819728
 0 1 0.384726520583434 -1.1261260450807
 1 1 0.642508784614484 -0.684789071988859
 10 1 0.0705845009816943 0.343898204151304
 3 1 0.77834033693489 -0.61500862327451
 555 1 0.690932648169053 1.29472611227994
 5 1 0.230982935281463 0.048655422308532
 0 1 0.800243231898942 -1.44473607791113
 200 1 0.416436751795292 1.12792269138127
 0 1 0.991418672993375 -0.842637043778198
 0 1 0.632653264378879 -0.754829624380563
 20 1 0.277446866969343 0.519161660037316
 2 1 0.448930437389953 -0.617497974766266
 0 1 0.0731147868698118 -0.552241214835067
 0 1 0.415791343351748 -1.67650889436001
 12 1 0.73639882032104 0.0019736476165912
 3 1 0.455143552812471 -0.602994277565021
 57 1 0.617266153866459 0.572171093022765
 4 1 0.151378939050475 -0.0937460242721036
 0 1 0.79565262672151 -1.10290590967353
 173 1 0.502296798543638 1.03723860568305
 150 1 0.920988157364032 0.692639504898477
 3 1 0.693168836881798 -0.221407548054962
 4 1 0.265296117417313 -0.418932718486712
 1 1 0.114620075295741 -1.07702304897273
 2 1 0.400253925959095 -0.380735104643027
 3 1 0.477048904199236 -0.610740330576456
 207 1 0.979991025800735 0.785775378880513
 2 1 0.794197752586275 -0.283993059113484
 12 1 0.348743713093255 0.257314750902685
 0 1 0.665549035559065 -1.82851387149549
 1 1 0.383245851642977 -0.431737316356053
 1 1 0.664399690434802 -1.12068721677699
 49 1 0.846435884403526 0.403621139634489
 3369 1 0.710720514764238 1.90561960186354
 0 1 0.0549885477012276 -2.06557544669806
 11 1 0.601565203345056 0.139785787596648
 590 1 0.246781035343055 1.61475805491678
 35 1 0.392349344267315 0.52774740462804
 11 1 0.735757632801313 0.0587822172674494
 26 1 0.437411076256301 0.503891401481517
 0 1 0.998820417042766 -0.939708576819504
 7 1 0.0873252709988001 0.0407676020540656
 1 1 0.0741258175742843 0.049333087243688
 1 1 0.510599472013587 -1.65873313441512
 22 1 0.183955371358552 0.537035942372602
 0 1 0.659372478134902 -1.14332381413681
 152 1 0.495903380564613 1.0208790366325
 14 1 0.482745637066397 0.053112410051079
 1925 1 0.906758143076737 1.58597189234601
 0 1 0.913918254693884 -1.64895801731886
 2 1 0.537284538281891 -0.407642712687521
 392 1 0.305489565319118 1.45960725933645
 13 1 0.432022063599877 0.183303287740884
 1 1 0.793546870857406 -0.519959345893132
 76 1 0.689749245055883 0.635287429139718
 14 1 0.211360015486954 0.364087819632022
 15 1 0.633183466516099 0.165804468772586
 214 1 0.339913546841777 1.20515679413481
 6 1 0.460846323570545 0.00676405988083481
 22 1 0.866133829029878 0.175231333834311
 492 1 0.639430022501379 1.27850259802499
 0 1 0.0501626509984427 -1.49009465719366
 35 1 0.664508418595215 0.424343115054477
 2 1 0.496645029224264 -0.642538714046992
 0 1 0.433154016962906 -2.79444904272207
 40210 1 0.834609027976303 2.64925158531669
 5 1 0.237662010115487 0.207887355967613
 2175 1 0.711178076756725 1.75814162457192
 67 1 0.470417897961643 0.761254459240697
 3 1 0.70243166285168 -0.318070763404362
 0 1 0.449158406608674 -1.73712140513329
 15 1 0.672810063813946 0.224170215708783
 69373 1 0.723943044449693 2.9009360055475
 0 1 0.851805728016333 -1.17962973282628
 351 1 0.793398696410468 1.08883975296843
 1 1 0.863924327256116 -0.936633733206859
 0 1 0.154533149362633 -0.58703790113309
 1 1 0.926537014299526 -1.1474497453866
 12 1 0.875035019107134 -0.149220191688796
 55 1 0.166446289462717 0.982492806277727
 0 1 0.909807694258389 -1.17361448721569
 6 1 0.0507622550614651 0.283487441334926
 0 1 0.395395030539935 -1.73538483076736
 157 1 0.972802961180079 0.714164770284261
 8 1 0.339576439187573 0.0887362994821377
 5 1 0.145519202236996 0.0429453040573056
 45 1 0.545670796506653 0.583020920354229
 6 1 0.875366818442445 -0.298705391738748
 19 1 0.993482719966237 -0.0660513634399256
 1054 1 0.853439359193744 1.41281824693148
 390 1 0.568155967895256 1.27435382959199
 116 1 0.956483871372765 0.615620974006342
 22 1 0.0352491723279424 0.675154320237646
 115 1 0.764889135507752 0.728276336090828
 24 1 0.23760590978098 0.595661733899628
 98 1 0.637638893666424 0.742865465325123
 137 1 0.552260064156607 0.932167518341119
 53 1 0.900223532301036 0.393725754594792
 676 1 0.264880178935941 1.66844256694289
 7 1 0.230783365887396 0.278563391041885
 0 1 0.111148746373762 -1.76481332996127
 27 1 0.276679058937348 0.520430108901241
 30 1 0.0515520285876135 0.714092134559997
 198 1 0.905217136777419 0.838080323073592
 0 1 0.235909428629275 -0.811355280623781
 27 1 0.186942525758626 0.636983553590742
 2 1 0.723284370620382 -0.729997029173184
 6 1 0.10532600441977 0.297140334867569
 57 1 0.574786463570934 0.652249253581136
 16 1 0.311235382432952 0.313322662278289
 4 1 0.0660019133693869 -0.41836262875171
 13 1 0.131181961907978 0.388072710630012
 37568 1 0.983290846019773 2.52235763415075
 5 1 0.362729596395245 -0.205105319585266
 12 1 0.995653826346713 -0.167830961867358
 307 1 0.0380691153526728 1.54398343593955
 60 1 0.445784540528129 0.725435131049631
 275 1 0.42846261079952 1.2776190162325
 1 1 0.175603459941373 -0.448882291027655
 15 1 0.89786362546809 -0.0794173814733775
 2429 1 0.735123833114836 1.76697258286864
 2 1 0.30396299236462 0.121239847449227
 100 1 0.199884800624924 1.00589370388904
 2 1 0.573607096551569 -0.814058828308089
 22 1 0.479807902051744 0.344625601893515
 2 1 0.578029614830979 -0.54730118715408
 1 1 0.505382972784699 -0.393924392609061
 1 1 0.0774992217039214 -0.368841865850076
 1 1 0.626568581778925 -1.67743262405306
 47 1 0.939407647458418 0.211111499848218
 56 1 0.0454658836044397 0.943859206233261
 3 1 0.297883045378167 0.0354543351534044
 1 1 0.78841048399341 -0.924959817549096
 76 1 0.522870118001418 0.799925820018586
 151 1 0.0229067424343229 1.31628501532002
 1 1 0.865091016490303 -1.42236428824513
 60 1 0.347215946357798 0.819687122810995
 57 1 0.764019768926291 0.538514892364784
 0 1 0.904684517605166 -1.12249818608717
 67 1 0.48078879694641 0.77587523111145
 159 1 0.262489517395765 1.19838854613172
 18 1 0.795932213142322 0.202339231109349
 6 1 0.864099284760957 -0.283645174488723
 49 1 0.633411853651132 0.534638539570751
 49 1 0.110250666458229 0.907490289848516
 0 1 0.204504789832079 -1.9578454693039
 290 1 0.957822085644401 0.915044764288988
 88 1 0.538022060969069 0.835360568817021
 1346 1 0.318348470776999 1.86258824423564
 52 1 0.403113767078196 0.728502736397524
 2242 1 0.767259744963943 1.72354530385443
 0 1 0.214038347241948 -0.620366372546842
 11 1 0.898641616002278 -0.464990120577261
 25 1 0.144187075428898 0.569866410111266
 35 1 0.521268663308265 0.356842392502225
 1 1 0.491764148508431 -0.391271166496433
 392 1 0.357747043790267 1.40485193939027
 1 1 0.838079778265109 -0.989372074680216
 0 1 0.167668693110784 -1.0662670065229
 0 1 0.692316129591347 -2.8869350147686
 3 1 0.0415137382603063 -0.00732203473394707
 5 1 0.736114613355097 -0.521834960265742
 37 1 0.995014466649015 0.141970548975302
 14 1 0.155989624133907 0.5075503426774
 0 1 0.0619316806966185 -1.64268350805864
 2 1 0.517022289594819 -1.10438950015024
 163 1 0.931404429770117 0.734848090579953
 0 1 0.39296609137216 -0.93457209803726
 1252 1 0.568726820093184 1.67675571812905
 9 1 0.150023428296265 0.409076116299429
 0 1 0.477012727043286 -1.02238718494168
 35 1 0.81870839369138 0.255546748686582
 0 1 0.809906895988089 -1.28580573742009
 3246 1 0.620994883711251 1.94809714342648
 0 1 0.807450356297462 -0.988868715433023
 0 1 0.634803455443322 -1.23249588921149
 1 1 0.223061961677093 -0.726959894750543
 7 1 0.0370100159387791 0.154751914582022
 0 1 0.524159989598537 -1.05204092374221
 21 1 0.406695746382264 0.41436618839799
 7 1 0.533346846015229 -0.0208421485450985
 885 1 0.00481892620817141 1.91482213722013
 23 1 0.950577362045807 0.090675477955872
 34 1 0.943197348521442 0.234574644011855
 0 1 0.335953261644247 -1.56084698142356
 181 1 0.282475317916318 1.24121695953899
 0 1 0.362061492103659 -1.42273337384564
 0 1 0.281429470436933 -1.39540723957116
 173 1 0.182904519632619 1.24810403883238
 1 1 0.277964664666393 -0.58836574609058
 18 1 0.98514193179596 0.123615514515869
 475 1 0.430034800567402 1.43763389065262
 209 1 0.339187465211793 1.21431034189991
 1 1 0.767285575583311 -0.755175345476355
 173 1 0.356689486420301 1.16680503259678
 166 1 0.45016341309806 1.12465737340545
 65 1 0.488685504575635 0.729518675087169
 6 1 0.06660056626435 0.202239760803546
 31 1 0.73351293477976 0.364090499467133
 8 1 0.511212338445037 -0.222643347377929
 2 1 0.827526335494911 -0.701446590579044
 0 1 0.872844312003578 -1.72417640431703
 1 1 0.535650559952559 -0.734298458092697
 1 1 0.830579710300302 -0.681987752478018
 212 1 0.0923861727835475 1.4029576493985
 4 1 0.820297178991147 -0.32753330627878
 29 1 0.35879391466236 0.496342992809702
 35 1 0.330442724451604 0.653782381206526
 5 1 0.0494346675417189 0.00884234758403251
 4 1 0.96568983524985 -0.548335497074337
 455 1 0.784918099826098 1.17460424728777
 39 1 0.6556589506228 0.444708487524573
 18 1 0.10724141463006 0.638129881355686
 3 1 0.0561765127193465 -0.206654532114344
 1 1 0.753004638624217 -1.02547149104091
 169 1 0.395725169472698 1.09998980955733
 13 1 0.119258163821157 0.396405648697405
 0 1 0.180887544314661 -0.478171702829937
 196 1 0.953321802142496 0.792565265777917
 1 1 0.946524946033183 -1.33213046282531
 0 1 0.487270934225686 -1.30488953807224
 4 1 0.470587794654588 -0.395914012081346
 1 1 0.18599660673599 -0.21587968508149
 3048 1 0.386581620750209 2.09321972866353
 0 1 0.074772507980956 -0.589377355524019
 0 1 0.299275550425393 -1.48168590082397
 8 1 0.0526493957763261 0.326062815913968
 0 1 0.7173360224656 -1.35209740531454
 13 1 0.627888877566027 0.0919060140852662
 0 1 0.228965470107282 -1.41176030167754
 6 1 0.582544619982888 -0.0646348886259071
 2 1 0.967384891768896 -0.802178713388934
 920 1 0.18858862021668 1.82441224744939
 6 1 0.627783977511625 -0.327056975014111
 1 1 0.236663024893076 -0.473197419341423
 160 1 0.635421993203569 0.917521956917716
 246 1 0.875110974531423 0.952308082620652
 0 1 0.571771984530296 -2.68331159951417
 0 1 0.372039697644065 -0.773966081346287
 0 1 0.463187736952067 -0.958899531353833
 0 1 0.499337139432743 -1.14943485948917
 15 1 0.410470604801663 0.325058945378114
 780 1 0.837496986463652 1.348778664675
 3 1 0.135062420642763 0.0501267564743146
 9 1 0.921428699437481 -0.24360587774477
 0 1 0.738432817292 -1.43547587133144
 1 1 0.276308771933296 -0.262165241964955
 0 1 0.805404171608169 -1.35919092144148
 0 1 0.0489021551036493 -0.237007809950874
 2 1 0.338161591815217 -0.253056445282752
 1 1 0.202492137135236 -0.949676006094329
 0 1 0.21056041211787 -1.21200262961034
 0 1 0.545666093910341 -0.88228171141574
 54 1 0.42062778167872 0.82803536853693
 343 1 0.660091625511256 1.17134240912816
 13 1 0.276143630587326 0.189067550378452
 1 1 0.232534119627467 -1.0728957669533
 0 1 0.196301410381075 0.00919518954874712
 0 1 0.403292635244337 -0.749386585057647
 6 1 0.376062816715774 0.121936632530088
 1 1 0.845129828468921 -0.52035231351563
 0 1 0.155498332019211 -0.603754154877224
 5 1 0.632209839003902 -0.184993840715382
 70 1 0.416683264877017 0.821113236625736
 5 1 0.417483393665875 -0.450930367850869
 5 1 0.928822690766093 -0.433473841864048
 4 1 0.634051145307725 -0.220592682563435
 2 1 0.627379880565057 -0.393688188333383
 10 1 0.100195607466599 0.38763234569325
 0 1 0.96340835065523 -0.630933819636022
 0 1 0.922734358388997 -2.28479948058883
 182 1 0.600202997673034 1.00762640176368
 13 1 0.83117259540952 -0.148227216048722
 121 1 0.108809547015445 1.22250234917187
 0 1 0.0968227073689111 -0.703906282712162
 7 1 0.622655289917507 -0.230883086183071
 0 1 0.0978062415162463 -0.63400538613322
 102 1 0.173030564375875 1.10403561793359
 0 1 0.734058401726772 -1.06595341394955
 15 1 0.865032579132235 -0.173155552296735
 2 1 0.9116627766116 -0.912559369513709
 4 1 0.273039310556341 -0.194535711169242
 48 1 0.980381507496991 0.330875068630779
 0 1 0.617112561506091 -1.25363055770604
 0 1 0.596093135520182 -0.362490531031168
 0 1 0.25666134516102 -0.770378032056259
 0 1 0.260903249111699 -0.56321948557652
 3 1 0.615291032344973 -0.312938051766454
 1723 1 0.885354956355982 1.55467042145992
 0 1 0.448394697922653 -0.643508345475855
 0 1 0.38075014745102 -0.330283408782927
 10 1 0.30198146575905 0.15418595782213
 0 1 0.120141659406826 -0.976088328134262
 14 1 0.303235566011855 0.414863116523382
 11 1 0.171617917908291 0.386939548606596
 2 1 0.973575624889894 -1.00120605832321
 96 1 0.582905089971625 0.783120906405506
 7 1 0.295426424408402 0.235064170287187
 204 1 0.576264431488166 1.06676246800988
 0 1 0.428040771525146 -1.04147113875916
 13 1 0.104272165842866 0.46602966236925
 29 1 0.725913169357708 0.241930498925495
 334 1 0.483330119022767 1.27668160231154
 0 1 0.425262758139056 -2.16009786184635
 0 1 0.48594344086905 -0.941037768951656
 2 1 0.202339732118778 -0.50426582628128
 32 1 0.660698704001197 0.321890349368118
 2 1 0.855568565432789 -1.28369180104383
 1 1 0.678122509064922 -0.792894976856438
 0 1 0.200998184587013 -1.50959855990352
 10 1 0.343248349443742 0.161974583699291
 0 1 0.00864732135138162 -1.60181138675347
 2379 1 0.755596817539299 1.75288784457507
 3 1 0.0937198013792229 0.0809902654977516
 23 1 0.452210765682471 0.373925032153337
 1 1 0.859195904069316 -0.77824401022257
 95 1 0.573036333903269 0.813952253578241
 66 1 0.453582303147851 0.773221199720357
 0 1 0.781049932338448 -1.65846320776216
 185 1 0.348637446507169 1.18052781036791
 31 1 0.446060345312979 0.494804674349462
 250 1 0.883458534392607 0.90971170288346
 2 1 0.469014251069214 -0.754646674542962
 967 1 0.806910596366524 1.42493308244762
 0 1 0.660968643687 -1.48977296113713
 0 1 0.680883095593338 -1.6017937136456
 0 1 0.0166738178049304 -1.15656745066675
 167 1 0.813028417120856 0.818670169714988
 64 1 0.354201984714726 0.779222393584234
 161 1 0.29108961708472 1.16629570113618
 43 1 0.255321116187965 0.80943828043122
 15 1 0.608296621684497 0.294470820395254
 27 1 0.538771058173301 0.350703028415817
 0 1 0.189498590229299 -1.40389935980474
 3 1 0.973678437886703 -0.650826116097385
 20 1 0.0682099864491786 0.666527700354865
 561 1 0.392078515043656 1.51355722517438
 5 1 0.462622851368708 0.140871956699126
 2 1 0.828368075642432 -0.822180326333054
 1 1 0.869045663739956 -0.972763174476458
 1 1 0.815024804718917 -0.89774117525979
 0 1 0.0388132831239591 -0.0125829233890478
 31 1 0.625424429299743 0.406221453995695
 15 1 0.0380365940175301 0.533790837430636
 0 1 0.287506250468192 -0.860025299548905
 16 1 0.0822174632627257 0.548605566580828
 587 1 0.568463707853451 1.40024636532645
 43 1 0.482731555036253 0.553023323816952
 4 1 0.109214458009578 -0.161801818359784
 2 1 0.68866777168223 -0.49282143128578
 65 1 0.770723482742123 0.507704528928219
 30 1 0.802459784843849 0.268760651734598
 0 1 0.439021247515207 -1.20724529782797
 355 1 0.763956177625276 1.09632049475698
 2 1 0.139678601637985 0.0577821984403195
 6 1 0.520673812005073 0.0023298077032759
 88 1 0.631462366068475 0.794805048532456
 6 1 0.375728596252841 0.0541785741466104
 201 1 0.806677402276046 0.906057172893966
 0 1 0.890522027649452 -1.22168797011037
 3 1 0.226426782698344 -0.23365469895996
 9 1 0.540808207919505 0.00430346034050595
 1001 1 0.900275677719809 1.36963891197814
 1 1 0.199200549890983 -0.334410273766467
 542 1 0.0492514908593073 1.72456305514808
 600 1 0.996545229235542 1.12692019667153
 1 1 0.216298580957404 -0.705929947539195
 117 1 0.078288934758038 1.19527989991242
 355 1 0.930700950677336 0.997328730158482
 295 1 0.960798071427361 0.919511410091474
 1 1 0.689337109511232 -0.603633088220066
 0 1 0.86907363760141 -1.76903902770917
 69 1 0.0184145497342818 1.07126261061571
 1 1 0.260574254889503 -0.106391082166334
 15 1 0.110219327355925 0.401116730201018
 10 1 0.864159063057251 -0.0304232211316132
 4 1 0.565243845899276 -0.357923588745526
 38 1 0.0150688198740285 0.842243977142278
 15 1 0.474839714247405 0.285292947438252
 29 1 0.0581854187627578 0.82549984130768
 6 1 0.868602926248049 -0.378129753232083
 0 1 0.231601998748379 -0.920281441481382
 1 1 0.501171919658338 -0.881752889168093
 32 1 0.818497163496031 0.281500898337069
 1038 1 0.755601874708199 1.49796899243792
 63 1 0.405810795905256 0.720083553630813
 6 1 0.175654425999689 -0.097977122615425
 8 1 0.158757741933145 0.361755789308318
 0 1 0.459710370754157 -1.6862203483882
 156 1 0.913891672985116 0.743223296069967
 0 1 0.651816735280693 -1.34895418817833
 91 1 0.588918990572102 0.732147432020403
 4 1 0.829961792147703 -1.12686228156082
 22 1 0.828820497146328 0.132597244758688
 0 1 0.35862845300421 -1.80175378936245
 25 1 0.967920189518341 0.0715995090491784
 22 1 0.900953045940972 0.021154777253997
 11 1 0.169215147667714 0.259364248719079
 0 1 0.043066674943752 -1.45177264974948
 1682 1 0.626917791021197 1.73257960802812
 935 1 0.997205004526763 1.26783032998249
 1302 1 0.102718093431652 1.99995185119571
 6 1 0.191064796150315 0.191852045668494
 1 1 0.910513257181592 -0.892819990197912
 9 1 0.520905550734327 0.200742849551322
 0 1 0.470195649641976 -0.327114352518954
 0 1 0.209152751013821 -0.697707702868685
 29 1 0.0324356497421819 0.81689410749522
 302 1 0.821134332257723 0.988556963198042
 0 1 0.205394380037971 -2.44929264742386
 7 1 0.0460243411044612 0.166056384193632
 0 1 0.0132865901867181 -0.796421133989103
 0 1 0.750249918560779 -0.889262639207664
 0 1 0.263443496279809 -1.82968161416637
 0 1 0.968466240759032 -1.62448622595771
 69 1 0.19208283156944 0.948670822645467
 10 1 0.535459373641899 0.0908653586309197
 5 1 0.494926006794149 -0.189793927673999
 0 1 0.703399098192506 -1.18654625047519
 42 1 0.480866230520864 0.620024968950698
 7 1 0.755523566924337 -0.459058465689284
 0 1 0.519004110184101 -1.35118610691458
 1 1 0.247574073347104 -0.320075640275807
 2 1 0.0420113727645611 0.238822467206307
 10 1 0.580233128255708 0.112767806263848
 2 1 0.209708554253027 -0.51073839723915
 6 1 0.916899755777626 -0.203261228669158
 1 1 0.404967795663103 -0.701444069753934
 10 1 0.607613951387675 0.0656383515704063
 7 1 0.932321719957789 -0.119040104364941
 1110 1 0.787156360720456 1.48400995597054
 53 1 0.853527209880632 0.501690857919508
 0 1 0.683816333343957 -3.06099880542916
 7 1 0.93826209042846 -0.274769978694113
 182 1 0.60754022920668 0.984918447373574
 122 1 0.84679791274798 0.737100218823509
 0 1 0.373401993858245 -2.50374635835418
 0 1 0.125530527982058 -0.585962654053952
 128 1 0.473737937652633 0.964578532607467
 2 1 0.525836617303861 -0.367132849579464
 8 1 0.299370008094156 0.0214653703367065
 5 1 0.865497209730193 -0.271340828251575
 1282 1 0.935893843961628 1.44047300140568
 185 1 0.358289737264488 1.13506310653123
 93 1 0.269430167261967 0.995810266939555
 178 1 0.506697964391074 1.05150861708247
 206 1 0.832621250060128 0.898546318841397
 2424 1 0.954623126032338 1.62787874967463
 21 1 0.539460004397195 0.332856033707482
 7 1 0.559739211285797 0.0609448599099778
 69 1 0.180910063171891 0.93406208849423
 1 1 0.358764866580687 -1.07938269263536
 2 1 0.370174375573915 -0.216466722936886
 0 1 0.593630117015191 -2.31963169551448
 4261 1 0.840135742200427 1.88547775682338
 12986 1 0.14407724850372 2.7256170491917
 2 1 0.129029690451162 -0.25707723476598
 0 1 0.220740234433299 -0.837955174826626
 28 1 0.953695204557549 0.134010341946453
 0 1 0.632346813149884 -1.04081991689332
 0 1 0.353650126592358 -1.21973863250215
 0 1 0.347877875176159 -0.675919389519161
 18921 1 0.765243193495961 2.43886851893965
 57 1 0.71706860035588 0.499054421370368
 367 1 0.915709894111771 1.04115474255342
 74 1 0.421169435257952 0.856801765195451
 0 1 0.922653110922093 -0.56982754982455
 9 1 0.109607403490948 0.304020137420744
 10 1 0.855964153043629 -0.298805986333401
 0 1 0.866065467556695 -1.12076592287681
 416 1 0.738918803043798 1.21061531745954
 5 1 0.778190331103119 -0.648957229885655
 1 1 0.401492238179521 -1.46922160100124
 5 1 0.801407469623318 -0.517021709803227
 179 1 0.30247488157146 1.24799701023164
 117 1 0.891933686946816 0.649008945239979
 184 1 0.605807741311501 1.02992424706997
 7 1 0.734908671931177 -0.230710215253154
 5 1 0.219619206389378 0.145897305958358
 0 1 0.286540314031116 -0.648224568405003
 0 1 0.0707144165267415 -1.59449220764222
 0 1 0.708220409636067 -1.30046398178823
 0 1 0.203752610656461 -1.48871085303389
 0 1 0.677842274877994 -1.51179301496757
 20 1 0.972920051377793 0.0874752148551213
 35005 1 0.863425891839293 2.58238709798617
 3 1 0.266390466972464 -0.230741890254963
 6 1 0.126347289249808 0.0201807875110787
 0 1 0.416621502310506 -0.603272425165713
 2 1 0.447156197130233 -0.617326019138099
 5 1 0.670586241708165 -0.30194995299667
 429 1 0.439024228879691 1.36679182675949
 0 1 0.210836413761982 -0.547906357758051
 9 1 0.886401842621579 -0.285544981284011
 17 1 0.225155036896968 0.505550633181596
 10 1 0.649950946971552 -0.0138565796565022
 7 1 0.688681422883809 -0.260121776566538
 6 1 0.181487520903512 -0.128874848853334
 1 1 0.0718931477852887 -0.654739616668089
 0 1 0.288698169596895 -0.746002969171989
 0 1 0.472771164763369 -0.800469116892338
 0 1 0.501046064661843 -0.987376409980742
 27 1 0.665756860262829 0.360102070404986
 4 1 0.822328278079998 -0.311920440720992
 2 1 0.62032703411251 -0.880529520834413
 65 1 0.883570530372664 0.53399003191241
 7 1 0.251924906159904 0.209075046972572
 2 1 0.507438170594853 -0.506358875284482
 25 1 0.569519245858459 0.419707554412818
 0 1 0.379277910212883 -0.795746709952154
 0 1 0.0247053787903411 -0.782976006968596
 1 1 0.895187044077277 -0.585615885978896
 5 1 0.122092723224922 0.482060604371158
 6 1 0.193829581004975 0.0810800010352693
 14 1 0.331552973619429 0.302432902650489
 3 1 0.764969318021202 -0.767827237240119
 12 1 0.100139342930816 0.494874667609381
 5 1 0.7771979988216 -0.311889869315628
 0 1 0.652556415204809 -0.802108823199099
 26 1 0.750839075106411 0.239866988681492
 61 1 0.00195055809576477 1.04929715248702
 2 1 0.94917176199419 -0.495910724410998
 0 1 0.731738238861705 -1.41825095341447
 0 1 0.297990169619026 -2.17796624880107
 0 1 0.84324579282891 -1.38662666120136
 11 1 0.558535687183239 0.127165940170225
 11 1 0.0534140443962402 0.501935016478912
 0 1 0.116625826726993 -0.749858975524032
 0 1 0.515127952261996 -0.653532395585443
 1 1 0.368069032260823 -0.750835881650863
 21 1 0.394917314709313 0.421638046807902
 45 1 0.702973799338199 0.382436598814521
 0 1 0.843707809806292 -1.63846439756826
 82 1 0.160049632703181 1.0147288104443
 206 1 0.962105716804606 0.785518671844347
 19 1 0.723991501457136 -0.0202411197015705
 0 1 0.983285315596693 -1.64549081535669
 9 1 0.0264483595648604 0.138019732942414
 0 1 0.295776599104661 -2.39516550136151
 0 1 0.445187609901629 -0.85467290633061
 7 1 0.855250726064362 -0.451201901587087
 54 1 0.871334564664143 0.417068131953563
 0 1 0.036577271726385 -0.814215563132007
 3951 1 0.232947864822486 2.26869939460593
 22 1 0.615190310806886 0.343946667717774
 2561 1 0.730496692413704 1.80295922524049
 5 1 0.607454201361827 -0.217701935298824
 4 1 0.430913606925882 -0.0198554466983613
 274 1 0.313848044192074 1.29318910755024
 21616 1 0.785153753169316 2.46912986366061
 37 1 0.0822688630709111 0.787928292465072
 13 1 0.629104252591264 0.0218118629191737
 0 1 0.627122951732775 -0.63858172728596
 159 1 0.346008773937509 1.09444256190399
 115 1 0.93347483922721 0.569268436814853
 1 1 0.356539040948629 -0.68173460219041
 0 1 0.490889904152192 -0.699620197116379
 0 1 0.307251338984479 -0.811736991688368
 0 1 0.478545228153425 -1.18026985607096
 17 1 0.546608199461696 0.256250847293887
 61 1 0.12715573962483 0.942863701956013
 997 1 0.517235313971212 1.62469987258432
 0 1 0.144079828280534 -0.171505463665855
 4 1 0.475282678903138 -0.179018297032997
 0 1 0.545943956660228 -1.40852786529189
 0 1 0.761664578666232 -1.83718452560545
 7 1 0.365983106312843 0.0285261893491263
 41 1 0.57062956801893 0.464235976701981
 21 1 0.886230304546296 0.0697120582130392
 212 1 0.530191787798333 1.12843325340954
 0 1 0.923672793790981 -1.48189812744673
 1 1 0.416464161752383 -0.745066558969484
 56 1 0.941205421167778 0.417897054610725
 0 1 0.470270015466696 -3.19112547285231
 1 1 0.435374817157956 -0.950023134134782
 1 1 0.92654571393242 -0.620818367986366
 26 1 0.57873978474605 0.362273533386951
 1 1 0.626111033210944 -0.412240585368529
 21 1 0.485668337645108 0.440803940070394
 37 1 0.494547118662156 0.434653214223145
 0 1 0.884181095088015 -0.965741979553405
 0 1 0.134008010102939 -0.999551204710739
 8 1 0.699521857360361 -0.0546148167502987
 815 1 0.807529774607279 1.36501938734059
 0 1 0.528904149682686 -0.401507305712022
 4 1 0.269778730427649 0.142054451565245
 35 1 0.882507175257338 0.276231483945812
 78 1 0.678165423388931 0.646972058142229
 359 1 0.558238002719019 1.21904485849986
 0 1 0.00086755592420511 -1.20356084851408
 0 1 0.396565824579167 -0.278990825710996
 0 1 0.0842065622910898 -0.972933415371045
 10 1 0.412052794461972 0.279953454731285
 19 1 0.227891691183302 0.396772110713765
 8 1 0.383400899527256 -0.0969221903266604
 0 1 0.374223013353302 -2.35399714073595
 12 1 0.165734614195037 0.362932270584095
 0 1 0.253254096211189 -0.838898885335505
 3 1 0.683352419583666 -0.244437103337465
 3 1 0.895574806176219 -0.549803919047984
 1 1 0.283612352456737 -0.264468070376622
 1449 1 0.40563323360157 1.82374070103993
 1 1 0.92447239476187 -1.12005467723815
 9 1 0.559310829955062 -0.0747087163087575
 5 1 0.72851236174018 -0.113807571707417
 1 1 0.658296192188928 -0.995206722679498
 289 1 0.701832261724822 1.08648122169485
 79 1 0.834206252723209 0.533558573066722
 238 1 0.289389766867718 1.29250110133188
 0 1 0.124034357926971 -0.574095013061001
 0 1 0.269723573879048 -1.45800364852218
