6.30627528694802 7 16 1 1 0 0 29
6.17586727010576 12 9 0 1 0 0 27
6.58063913728495 12 16 0 1 0 0 34
5.52146091786225 11 10 0 1 0 1 27
6.59167373200866 12 16 0 1 0 1 34
6.21460809842219 12 8 0 1 0 1 26
6.33682573114644 18 9 0 1 0 1 33
6.41017488196617 14 9 0 1 0 1 29
6.05208916892442 12 10 0 1 0 1 28
6.24416690066374 12 11 0 1 0 1 29
5.41610040220442 9 13 0 1 0 1 28
5.99146454710798 12 8 0 1 0 1 26
6.0330862217988 11 7 0 1 0 1 24
5.37989735354046 11 13 0 1 0 1 30
6.79570577517351 16 9 1 1 0 1 31
5.7037824746562 14 4 0 1 0 1 24
5.84643877505772 12 16 0 1 0 1 34
6.48920493132532 14 9 0 1 0 1 29
6.35437004079735 10 10 0 1 0 1 26
6.47543271670409 12 14 0 1 0 1 32
6.8501261661455 18 8 0 1 1 1 32
6.41999492814714 18 10 0 1 0 1 34
6.5875500148248 15 11 0 0 0 1 32
6.40357419793482 12 10 0 1 0 1 28
6.5410299991899 12 14 0 1 0 1 32
7.24422751560335 18 10 0 0 0 1 34
5.7037824746562 12 8 0 1 0 1 26
7.49554194388426 18 8 0 1 0 1 32
6.02344759296103 12 7 0 1 0 1 25
6.44888939414686 14 9 0 0 0 1 29
5.33753807970132 12 7 0 1 0 1 25
6.12468339089421 12 7 1 1 0 1 25
6.71417052990947 16 2 0 1 0 1 24
6.3578422665081 18 10 0 1 0 1 34
5.54126354515843 11 11 0 1 0 1 28
6.86901445066571 16 8 0 1 0 1 30
6.8501261661455 10 15 0 1 0 1 31
7.04403289727469 18 10 0 1 0 1 34
5.78074351579233 6 15 0 1 0 1 27
5.45958551414416 11 7 1 1 0 1 24
6.90775527898214 12 16 0 1 0 1 34
6.17586727010576 9 11 0 1 0 1 26
6.43615036836943 15 11 0 1 0 1 32
6.47697236288968 11 17 0 1 0 1 34
5.8406416573734 12 6 1 1 0 1 24
5.94017125272043 16 2 0 1 1 1 24
5.8664680569333 12 6 0 1 0 1 24
6.49072353450251 13 6 0 1 0 1 25
6.43133108193348 17 5 0 1 0 1 28
6.08677472691231 12 7 0 1 0 1 25
6.60394382460047 12 8 1 1 0 1 26
5.63478960316925 11 14 1 0 1 1 31
6.07304453410041 10 8 0 1 0 1 24
6.55819780281227 12 9 0 1 0 1 27
6.05208916892442 12 9 0 1 0 1 27
6.34738920965601 12 6 0 1 0 1 24
6.28785856016178 16 8 0 1 0 1 30
6.60665018619822 16 10 0 1 0 1 32
6.51174532964473 13 13 0 1 0 1 32
6.64509096950564 12 16 0 1 0 1 34
6.38350663488401 12 6 0 1 0 1 24
5.36129216570943 9 9 1 1 0 1 24
7.35436233042148 16 12 0 1 0 1 34
6.65157187358973 16 6 0 1 0 1 28
6.39692965521615 12 8 0 1 1 1 26
6.5410299991899 18 0 0 1 0 1 24
6.3456363608286 13 12 0 1 0 1 31
6.07073772800249 14 8 0 1 0 1 28
6.28785856016178 15 7 0 1 0 1 28
6.44094654063292 12 7 0 1 0 1 25
6.17586727010576 8 17 0 1 0 1 31
6.30078579466324 12 8 0 1 0 1 26
6.35610766069589 12 7 0 1 0 1 25
6.5510803350434 16 3 0 1 0 1 25
6.66949808985788 16 6 0 1 0 1 28
6.91968384984741 17 4 0 1 0 1 27
6.63068338564237 12 6 0 1 0 1 24
6.39859493453521 14 9 0 1 0 1 29
5.64544689764324 12 6 0 1 0 1 24
5.52146091786225 12 6 0 1 0 1 24
6.21460809842219 12 8 0 1 0 1 26
6.30991827822652 11 14 0 1 0 1 31
7.04141166379481 12 7 0 1 0 1 25
6.69703424766648 18 7 0 1 1 1 31
5.74620319054015 12 10 1 1 0 1 28
6.59441345974978 18 1 0 1 0 1 25
6.4377516497364 16 3 0 1 0 1 25
6.37672694789863 14 4 0 1 0 1 24
5.92692602597041 14 6 0 1 0 1 26
6.70563909486 16 7 0 1 1 1 29
6.76272950693188 14 10 0 1 0 1 30
5.85793315448346 15 7 0 1 1 1 28
5.30826769740121 13 5 0 1 1 1 24
6.22455842927536 13 13 0 1 1 1 32
6.70441435496411 17 7 0 1 0 1 30
6.4377516497364 18 2 0 1 0 1 26
6.64509096950564 18 8 0 1 0 1 32
6.21460809842219 17 4 0 1 0 1 27
6.4281052726846 17 4 0 1 0 1 27
6.47697236288968 12 12 0 1 0 1 30
6.64509096950564 18 4 0 1 0 1 28
6.23832462503951 12 8 0 1 0 1 26
6.4377516497364 18 7 0 1 0 1 31
7.01301578963963 14 11 0 1 0 1 31
6.58063913728495 13 9 0 1 0 1 28
7.05098944706805 14 12 0 1 0 1 32
6.71780469502369 18 10 0 0 0 1 34
6.82762923450285 16 12 0 1 0 1 34
6.98100574072173 17 5 0 1 0 1 28
6.4377516497364 12 15 0 1 0 1 33
6.13122648948314 13 8 0 1 0 1 27
6.80239476332431 14 4 1 1 0 1 24
6.52502965784346 18 5 0 1 0 1 29
6.01859321449623 12 6 0 1 0 1 24
6.4377516497364 13 8 0 1 0 1 27
6.91274282049318 18 8 0 1 0 1 32
6.58617165485467 11 7 0 1 0 1 24
6.62007320653036 15 6 0 1 0 1 27
6.2709884318583 14 9 0 1 0 1 29
6.87935580446044 17 6 0 1 0 1 29
6.15697898558556 12 8 0 0 0 1 26
5.78382518232974 12 6 0 1 0 1 24
6.77422388635761 12 16 0 1 0 1 34
6.4377516497364 13 15 0 1 0 1 34
5.82008293035236 12 8 0 1 0 1 26
6.17586727010576 16 5 0 1 0 1 27
6.47697236288968 9 14 0 1 0 1 29
5.94803498918065 16 3 0 1 0 1 25
6.86901445066571 18 6 0 1 0 1 30
6.42162226780652 16 7 0 0 0 1 29
6.55393340402581 14 8 0 1 0 1 28
6.45362499889269 14 11 0 1 0 1 31
5.29831736654804 12 10 0 1 0 1 28
6.70563909486 12 9 0 1 0 1 27
6.3578422665081 14 6 0 1 0 1 26
6.14418563412565 17 3 0 1 0 1 26
6.82871207164168 16 7 0 1 0 1 29
6.67582322163485 16 9 0 1 1 1 31
6.45362499889269 14 8 0 1 0 1 28
6.3456363608286 12 7 0 1 0 1 25
6.55819780281227 16 7 0 1 0 1 29
6.45362499889269 14 8 0 1 0 1 28
6.5424719605068 12 12 0 1 0 1 30
6.42162226780652 13 15 0 1 0 1 34
6.13556489108174 16 4 0 1 0 1 26
6.76272950693188 12 16 0 1 0 1 34
6.60258789218934 18 9 0 1 1 1 33
7.24422751560335 12 7 0 1 0 1 25
6.69456205852109 12 13 0 1 0 1 31
6.4831073514572 16 4 0 1 0 1 26
5.7037824746562 12 7 0 1 0 1 25
6.3578422665081 16 8 0 1 0 1 30
5.57972982598622 16 2 0 1 0 1 24
6.38687931936265 18 7 0 0 0 1 31
5.78382518232974 17 3 0 1 0 1 26
5.95324333428778 16 2 0 0 0 1 24
6.90775527898214 18 1 0 1 0 1 25
6.14203740558736 18 4 0 1 0 1 28
6.08677472691231 16 6 0 1 0 1 28
6.4377516497364 16 5 0 1 0 1 27
5.65248918026865 17 4 0 1 0 1 27
6.47697236288968 14 7 0 1 0 1 27
6.69456205852109 13 6 0 1 0 1 25
6.21460809842219 12 6 0 1 0 1 24
6.72262979485545 16 4 0 1 0 1 26
6.21460809842219 12 13 0 1 0 1 31
6.5410299991899 17 9 0 1 0 1 32
7.00306545878646 12 9 0 1 0 1 27
6.63725803128446 12 7 0 1 0 1 25
6.67834211465433 12 9 0 1 0 1 27
5.80814248998044 16 3 0 1 0 1 25
6.0137151560428 18 6 0 1 0 1 30
6.76272950693188 16 5 0 1 0 1 27
6.78897174299217 12 13 0 1 0 1 31
6.51174532964473 12 16 0 1 0 1 34
6.5510803350434 12 15 0 0 0 1 33
5.52146091786225 18 9 0 1 1 1 33
6.4377516497364 11 10 0 1 0 1 27
6.0330862217988 13 12 0 1 0 1 31
6.35610766069589 13 9 0 1 0 1 28
6.41836493593621 12 8 1 1 0 1 26
6.5510803350434 12 13 0 1 0 1 31
6.10924758276437 12 6 0 1 0 1 24
6.21460809842219 16 6 0 1 0 1 28
6.24222326545517 12 7 0 0 0 1 25
5.52146091786225 16 3 0 1 0 1 25
5.75257263882563 12 6 0 0 0 1 24
5.92692602597041 12 11 0 1 0 1 29
6.12468339089421 15 13 0 0 0 1 34
5.61677109766657 12 9 1 1 0 1 27
6.85751406254539 12 10 0 1 0 1 28
7.01660968389422 16 10 0 1 0 1 32
5.66642668811243 16 3 0 0 0 1 25
6.21460809842219 16 3 0 1 0 1 25
6.5875500148248 18 8 0 1 0 1 32
7.14282740116162 18 5 0 1 0 1 29
6.41836493593621 17 3 1 1 0 1 26
6.30078579466324 12 10 0 1 0 1 28
5.62762111369064 13 9 0 1 0 1 28
7.27378631784489 18 10 0 1 0 1 34
6.90274273715859 16 5 0 1 0 1 27
6.5510803350434 12 11 0 1 0 1 29
6.3578422665081 16 6 0 1 0 1 28
6.75460409948796 16 9 0 1 0 1 31
6.53087762772588 12 10 0 1 0 1 28
6.72383244082121 15 10 0 1 0 1 31
6.45047042214418 13 14 0 1 0 1 33
6.53524127101366 12 14 0 1 0 1 32
6.64509096950564 14 10 0 1 0 1 30
5.95324333428778 15 6 0 1 0 1 27
6.10924758276437 12 6 0 1 0 1 24
6.42162226780652 12 9 0 1 0 1 27
6.52502965784346 12 16 0 1 0 1 34
6.50727771238501 10 16 0 1 0 1 32
6.68461172766793 11 16 0 1 0 1 33
6.22455842927536 14 14 0 1 0 1 34
6.93342302573071 18 6 0 1 0 1 30
6.64509096950564 15 4 0 1 0 1 25
5.66988092298052 10 16 0 1 1 1 32
6.2709884318583 13 9 0 1 0 1 28
7.05098944706805 16 7 0 1 0 1 29
6.30809844150953 10 13 0 1 0 1 29
6.16331480403464 12 8 0 1 0 1 26
6.10924758276437 12 8 0 1 0 1 26
6.77422388635761 17 4 0 1 0 1 27
5.29831736654804 15 4 0 1 0 1 25
5.7037824746562 13 7 0 0 0 1 26
6.13556489108174 16 3 0 0 0 1 25
5.95324333428778 12 12 0 1 0 1 30
7.15617663748062 15 11 0 1 0 1 32
6.37672694789863 16 3 0 1 0 1 25
6.39692965521615 12 9 0 1 0 1 27
6.21460809842219 16 8 0 1 0 1 30
6.08677472691231 12 15 1 1 0 1 33
6.1463292576689 18 2 0 1 1 1 26
6.83410873881384 17 6 0 1 0 1 29
6.32076829425058 16 5 0 1 0 1 27
6.08221891037645 13 5 0 1 0 1 24
6.39692965521615 12 11 1 1 0 1 29
6.35437004079735 12 8 1 1 0 1 26
5.96357934361845 12 8 1 1 0 1 26
6.67834211465433 12 16 0 0 0 1 34
6.15485809401642 18 3 0 1 0 1 27
5.30826769740121 17 3 0 1 0 1 26
5.29831736654804 17 1 0 1 0 1 24
5.85793315448346 17 1 0 1 0 1 24
5.92692602597041 14 4 0 0 0 1 24
6.17586727010576 16 3 0 1 0 1 25
6.86901445066571 18 7 0 1 0 1 31
6.04737217904628 15 6 0 1 0 1 27
6.21460809842219 15 6 0 1 0 1 27
6.10924758276437 9 15 0 1 0 1 30
6.16541785423142 8 14 0 1 0 1 28
4.91265488573605 12 6 0 1 0 1 24
6.35437004079735 12 14 0 1 0 1 32
6.3578422665081 12 15 0 1 0 1 33
5.73657229747919 12 13 0 1 0 1 31
6.5510803350434 9 15 0 1 0 1 30
7.18690102041163 14 12 0 1 0 1 32
6.31173480915291 10 18 0 1 0 1 34
6.78105762593618 17 7 0 1 0 1 30
6.63331843328038 12 7 0 1 0 1 25
6.56244409369372 12 14 0 1 0 1 32
6.05208916892442 12 8 0 1 0 1 26
6.05678401322862 12 8 0 1 0 1 26
6.35610766069589 16 2 0 1 0 1 24
5.99146454710798 9 17 0 1 0 1 32
6.21460809842219 12 13 0 0 0 1 31
6.27476202124194 12 10 0 0 0 1 28
6.51174532964473 16 6 0 1 0 1 28
6.3578422665081 16 5 0 1 1 1 27
5.78382518232974 16 2 0 1 0 1 24
6.21460809842219 11 12 0 0 0 1 29
6.64639051484773 12 7 0 0 0 1 25
6.21460809842219 12 8 0 1 0 1 26
5.96870755998537 16 6 0 1 0 1 28
6.69703424766648 12 16 0 1 0 1 34
6.29710931993394 9 19 1 0 0 1 34
6.38519439899773 9 19 1 0 0 1 34
6.76157276880406 17 2 0 1 0 1 25
6.5510803350434 10 12 1 0 0 1 28
6.23441072571837 12 7 0 0 0 1 25
6.42162226780652 13 15 0 1 0 1 34
6.63463335786169 14 9 0 1 0 1 29
6.20050917404269 10 15 0 1 0 1 31
6.09807428216624 16 2 0 1 0 1 24
6.05208916892442 12 7 0 1 0 1 25
6.62007320653036 16 2 0 1 0 1 24
6.5510803350434 16 2 0 1 0 1 24
6.08221891037645 12 6 0 1 0 1 24
6.41017488196617 12 11 0 1 0 1 29
6.10924758276437 13 5 0 1 0 1 24
5.74620319054015 3 17 0 1 0 1 26
5.52146091786225 7 20 1 1 0 1 33
6.21460809842219 14 13 0 1 0 1 33
5.89989735358249 12 8 0 1 0 0 26
6.70073110954781 12 8 0 1 0 0 26
5.78689738136671 12 7 0 0 0 0 25
6.26149168432104 12 11 0 0 0 0 29
6.70318811324086 13 9 0 1 0 0 28
6.62007320653036 12 10 0 1 0 0 28
6.26339826259162 17 1 0 1 0 0 24
7.02553831463852 12 14 0 1 0 0 32
6.4377516497364 12 10 0 1 0 0 28
6.57228254269401 14 5 0 1 0 0 25
6.3818160174061 12 13 0 0 0 0 31
6.00141487796115 17 4 0 1 0 0 27
6.51471269087253 12 10 0 1 0 1 28
6.09582456243222 12 7 0 1 0 1 25
6.19031540585315 12 6 0 1 0 1 24
6.54391184556479 9 19 0 1 0 1 34
6.5510803350434 12 7 0 1 1 1 25
5.78382518232974 12 6 0 1 1 1 24
6.32076829425058 9 10 0 1 0 1 25
5.78382518232974 12 8 0 1 0 1 26
6.50428817353665 13 7 0 1 0 1 26
7.7848892956551 18 7 0 1 0 1 31
6.63068338564237 16 3 0 1 0 1 25
6.89365635460264 16 12 0 1 0 1 34
6.3578422665081 12 7 0 1 0 1 25
5.65599181081985 17 6 0 0 0 1 29
5.44241771052179 14 8 0 1 1 1 28
6.24027584517077 12 7 0 1 0 1 25
6.42162226780652 15 7 0 1 0 1 28
6.5510803350434 15 4 0 1 0 1 25
6.57088296233958 18 9 0 1 0 1 33
6.55250788703459 9 15 0 1 0 1 30
6.13556489108174 12 6 1 1 0 1 24
6.76619171466035 18 4 0 1 0 1 28
6.82110747225646 16 7 0 0 0 1 29
6.97073007814353 12 9 0 1 0 1 27
5.99146454710798 12 11 0 1 1 1 29
6.46146817635372 12 9 0 1 0 1 27
5.65248918026865 13 5 0 1 0 1 24
6.46302945692067 17 4 0 1 1 1 27
5.96357934361845 13 13 0 1 0 1 32
6.9177056098353 12 7 0 1 0 1 25
6.70563909486 12 6 0 0 0 1 24
6.88243747099785 17 4 0 1 0 1 27
6.62007320653036 12 11 1 1 0 1 29
6.13772705408623 15 3 0 0 0 1 24
7.23489842031483 12 10 0 1 0 1 28
6.3578422665081 12 7 0 1 0 1 25
5.99396142730657 12 9 0 1 0 1 27
5.76832099579377 10 10 0 1 0 1 26
6.24222326545517 12 9 0 1 0 1 27
5.33753807970132 11 8 0 1 0 1 25
7.0833878476253 17 4 0 1 0 1 27
6.4377516497364 14 6 0 1 0 1 26
6.17586727010576 17 11 0 1 0 1 34
6.57088296233958 13 8 0 1 0 1 27
6.4377516497364 11 10 0 1 0 1 27
6.31535800152233 12 12 0 1 0 1 30
6.361302477573 12 16 0 1 0 1 34
6.73459165997295 18 4 0 1 0 1 28
7.56164174558878 18 9 0 1 0 1 33
6.69208374250663 16 4 0 1 0 1 26
5.8406416573734 12 11 1 1 0 1 29
6.86901445066571 12 14 0 1 0 1 32
6.39692965521615 12 14 0 0 0 1 32
6.72982407048948 18 10 0 1 0 1 34
6.4377516497364 16 2 0 1 0 1 24
6.33327962813969 16 6 0 1 0 1 28
7.25134498337221 16 6 0 1 0 1 28
6.17378610390194 12 7 0 1 0 1 25
6.39692965521615 12 6 0 1 0 1 24
5.7037824746562 9 13 0 1 0 1 28
6.22455842927536 9 10 0 1 0 1 25
6.0330862217988 14 5 1 1 0 1 25
5.7037824746562 12 6 1 1 0 1 24
6.76272950693188 18 3 0 1 0 1 27
5.7037824746562 16 3 0 1 0 1 25
6.58063913728495 12 14 0 1 0 1 32
6.75227037614174 12 16 0 1 0 1 34
6.60394382460047 10 14 0 1 0 1 30
6.96413561241824 17 8 1 1 0 1 31
6.2709884318583 12 14 1 1 0 1 32
6.3491389913798 11 17 0 1 0 1 34
6.69084227741856 12 14 0 0 0 1 32
5.99146454710798 10 14 0 1 0 1 30
6.86901445066571 18 5 0 1 0 1 29
6.70563909486 18 3 0 1 0 1 27
6.60665018619822 13 9 0 1 0 1 28
6.58063913728495 18 6 0 1 0 1 30
6.81673588059497 18 0 0 1 0 1 24
5.93753620508243 17 4 0 1 0 1 27
5.85793315448346 14 6 0 1 0 1 26
6.5424719605068 11 16 0 1 0 1 33
6.92165818415113 12 14 0 1 1 1 32
7.0352685992811 18 10 0 1 0 1 34
7.44366368311559 18 6 0 1 0 1 30
6.2709884318583 12 8 0 1 0 1 26
6.51174532964473 17 9 1 1 0 1 32
6.9177056098353 17 5 0 1 0 1 28
6.74051935960622 18 4 0 1 0 1 28
6.56526497003536 11 10 0 1 0 1 27
6.7093043402583 16 4 0 0 0 1 26
6.10255859461357 12 6 0 1 0 1 24
6.21460809842219 15 4 0 1 0 1 25
6.9555926083963 16 9 0 1 0 1 31
7.09174211509515 18 5 0 1 0 1 29
6.5366915975913 12 15 0 1 0 1 33
6.47389069635227 16 6 0 1 0 1 28
6.77422388635761 13 11 0 1 0 1 30
6.30627528694802 17 2 0 1 0 1 25
6.39692965521615 7 15 0 1 0 1 28
7.71601526664259 15 13 0 1 0 1 34
7.27378631784489 12 13 0 1 0 1 31
5.76832099579377 12 16 1 1 0 1 34
7.14045304310116 18 9 0 1 0 1 33
6.39692965521615 12 6 0 1 0 1 24
5.7037824746562 11 9 1 1 0 1 26
6.28785856016178 16 2 0 1 0 1 24
6.61204103483309 12 15 0 0 0 1 33
6.74051935960622 12 15 0 1 0 1 33
6.70073110954781 16 7 0 1 0 1 29
6.90775527898214 12 10 0 1 0 1 28
6.3297209055227 16 4 0 1 0 1 26
5.65248918026865 18 2 0 1 0 1 26
6.07993319509559 16 5 0 1 0 1 27
5.78382518232974 13 6 0 1 0 1 25
6.36302810354046 16 6 0 1 0 1 28
6.37672694789863 16 4 1 1 0 1 26
6.68586094706836 18 5 0 1 0 1 29
5.74300318780948 14 5 0 1 0 1 25
5.52146091786225 12 11 1 1 0 1 29
6.21460809842219 15 6 1 1 0 1 27
6.62007320653036 12 15 1 1 0 1 33
5.83773044716594 13 12 0 1 1 1 31
5.52146091786225 15 7 0 1 0 1 28
6.5510803350434 16 2 0 1 0 1 24
5.99146454710798 12 7 0 1 0 1 25
6.31896811374643 17 4 0 1 0 1 27
6.54965074223381 15 7 0 1 0 1 28
7.56164174558878 14 4 0 1 0 1 24
7.10332206252611 18 8 0 1 0 1 32
6.42162226780652 16 7 0 1 0 1 29
6.61338421837956 14 5 0 1 0 1 25
6.12686918411419 16 2 0 1 0 1 24
6.4723462945009 18 1 0 1 0 1 25
6.61338421837956 12 7 0 1 0 1 25
6.70318811324086 16 3 0 1 1 1 25
6.76272950693188 16 9 0 1 0 1 31
6.29526600143965 12 10 0 1 0 1 28
5.89989735358249 13 8 0 1 0 1 27
6.0330862217988 10 8 0 1 0 1 24
6.48768401848461 16 5 0 1 0 1 27
6.2709884318583 15 5 0 1 0 1 26
6.74641212857337 17 6 0 1 0 1 29
6.49677499018586 12 7 0 1 0 1 25
6.2709884318583 16 2 0 1 0 1 24
6.7900972355139 18 4 0 1 0 1 28
6.76272950693188 17 5 0 1 1 1 28
5.44241771052179 18 2 0 1 1 1 26
6.68710860786651 12 14 0 0 1 1 32
6.27852142416584 13 8 0 1 0 1 27
6.65286302935335 15 4 1 1 0 1 25
6.16541785423142 14 4 1 1 0 1 24
6.76272950693188 16 11 0 1 0 1 33
6.92165818415113 16 6 0 0 0 1 28
6.46302945692067 18 8 0 1 0 1 32
5.80814248998044 16 2 0 1 0 1 24
6.32076829425058 11 17 1 1 0 1 34
6.26909628370626 18 2 0 1 0 1 26
6.45362499889269 12 8 0 1 0 1 26
6.21460809842219 11 10 1 1 1 1 27
7.05098944706805 16 12 1 1 0 1 34
6.75110146893676 18 2 0 1 0 1 26
6.17170059741091 12 10 0 0 0 1 28
6.70563909486 18 1 0 1 1 1 25
6.53958595561767 18 5 0 1 0 1 29
6.89669433162271 16 11 0 0 0 1 33
6.10255859461357 16 9 0 1 1 1 31
6.90975328164481 18 10 0 1 0 1 34
7.12367278520461 18 10 0 1 0 1 34
6.82546003625531 14 12 0 0 0 1 32
6.34738920965601 12 10 0 1 0 1 28
6.26339826259162 12 13 0 1 0 1 31
7.05098944706805 12 10 0 1 0 1 28
6.17378610390194 12 6 1 1 0 1 24
6.73221070646721 11 7 0 1 0 1 24
7.24565506759454 14 13 0 1 0 1 33
5.99146454710798 13 8 1 1 0 1 27
6.56526497003536 12 15 0 1 0 1 33
6.45362499889269 14 4 0 1 0 1 24
5.96100533962327 13 7 0 1 0 1 26
6.53378883793334 12 8 0 1 0 1 26
6.44571981938558 12 16 0 1 0 1 34
6.95081476844258 15 13 0 1 0 1 34
6.3578422665081 12 6 0 1 0 1 24
6.21460809842219 12 7 0 1 0 1 25
6.66057514983969 12 16 0 0 0 1 34
6.3578422665081 13 7 0 1 0 1 26
6.26339826259162 13 6 0 1 0 1 25
5.95324333428778 17 5 0 1 0 1 28
6.4377516497364 12 11 0 1 0 1 29
6.4377516497364 16 6 0 1 0 1 28
6.16331480403464 13 7 0 1 0 1 26
6.49072353450251 14 5 0 1 0 1 25
6.05208916892442 16 2 0 1 0 1 24
6.26149168432104 14 5 0 1 0 1 25
6.4377516497364 12 8 0 1 0 0 26
6.9177056098353 16 9 0 1 0 0 31
6.39859493453521 12 8 0 1 0 0 26
6.69456205852109 12 9 0 1 0 0 27
6.05443934626937 12 10 0 1 0 0 28
6.96602418710611 12 12 0 1 0 0 30
6.02586597382531 12 8 0 1 0 0 26
6.19847871649231 12 12 0 1 0 0 30
5.78382518232974 12 9 0 1 0 0 27
5.61677109766657 12 10 0 1 0 0 28
5.67332326717149 12 7 0 1 0 0 25
6.59441345974978 18 7 0 1 1 0 31
6.19031540585315 14 6 0 1 1 0 26
5.82008293035236 14 4 0 1 0 0 24
6.58617165485467 12 9 0 1 0 0 27
6.08677472691231 13 6 0 0 0 0 25
6.46302945692067 16 5 0 0 0 0 27
5.92692602597041 12 10 0 1 0 0 28
6.17586727010576 12 7 0 1 0 0 25
6.82979373751242 14 9 0 1 0 0 29
6.24222326545517 12 8 0 1 0 0 26
6.97073007814353 12 15 0 1 0 0 33
6.45833828334479 12 10 0 1 0 0 28
6.6052979209482 12 14 0 1 0 0 32
6.20050917404269 12 8 0 1 0 0 26
6.47697236288968 10 8 0 1 1 0 24
5.73009978297357 7 18 0 1 0 0 31
6.44413125670044 16 8 0 1 0 0 30
6.0137151560428 13 9 0 0 0 0 28
6.39692965521615 18 9 0 1 0 0 33
6.61338421837956 12 10 0 0 0 0 28
6.4377516497364 17 8 0 1 0 0 31
6.30809844150953 12 11 0 0 0 0 29
5.78689738136671 15 3 0 0 0 0 24
5.55295958492162 9 11 0 0 0 0 26
6.77422388635761 12 8 0 1 0 1 26
6.45990445437753 12 7 0 0 0 1 25
6.50279004591562 11 16 0 0 0 1 33
6.22257626807137 14 9 0 1 1 1 29
5.74620319054015 17 2 0 1 1 1 25
6.9177056098353 18 3 0 1 1 1 27
6.90775527898214 10 17 0 0 0 1 33
6.58063913728495 16 6 0 0 0 1 28
6.66568371778241 12 9 0 0 0 1 27
6.30261897574491 12 16 0 0 0 1 34
6.71901315438526 12 7 0 0 0 1 25
5.06890420222023 12 7 0 0 0 1 25
6.5510803350434 10 11 0 0 0 1 27
6.58063913728495 13 9 0 0 0 1 28
5.71702770140622 12 6 0 0 0 1 24
6.31535800152233 16 3 0 1 0 1 25
6.29526600143965 14 6 0 1 1 1 26
6.23244801655052 16 2 0 0 0 1 24
5.95324333428778 16 2 0 0 0 1 24
7.27378631784489 12 14 0 1 0 0 32
6.77878489768518 16 10 0 1 0 0 32
6.90775527898214 13 5 0 1 0 0 24
6.76041469108343 12 10 0 0 0 0 28
6.60665018619822 12 9 0 0 0 0 27
6.7900972355139 12 16 0 0 0 0 34
6.12686918411419 15 8 0 1 0 0 29
6.10924758276437 12 16 0 1 0 1 34
6.5510803350434 12 16 0 1 0 1 34
6.61204103483309 14 13 0 1 0 1 33
6.7900972355139 16 10 0 1 0 1 32
6.53958595561767 18 8 0 1 0 1 32
6.40357419793482 18 9 0 0 0 1 33
6.4377516497364 18 6 0 1 0 1 30
6.61472560020376 14 13 0 1 0 1 33
6.5875500148248 18 9 0 1 0 1 33
6.32793678372919 12 12 0 1 0 1 30
6.04973345523196 12 8 0 0 0 1 26
5.99146454710798 12 8 0 0 0 1 26
5.52146091786225 14 6 0 1 0 1 26
6.4707995037826 13 7 0 1 0 1 26
6.39359075395063 12 6 0 1 0 1 24
6.90775527898214 12 9 0 1 0 1 27
6.26909628370626 12 10 0 0 0 1 28
6.17586727010576 12 8 0 0 0 1 26
6.74523634948436 12 15 0 0 0 1 33
6.22653666928747 14 10 0 0 0 1 30
6.23832462503951 12 11 0 1 0 1 29
5.39362754635236 11 9 0 1 0 1 26
5.03695260241363 16 2 0 1 0 1 24
5.48063892334199 12 13 0 1 0 1 31
6.32256523992728 12 10 0 1 0 1 28
6.21460809842219 15 6 0 1 0 1 27
5.91889385427315 16 4 0 1 0 1 26
5.85793315448346 10 9 0 0 0 1 25
6.36990098282823 12 8 0 0 0 1 26
6.24416690066374 13 7 0 0 0 1 26
5.96614673912369 12 11 0 0 0 0 29
5.63478960316925 16 3 0 0 0 0 25
6.5366915975913 12 15 0 0 0 0 33
5.7037824746562 12 8 0 0 0 0 26
6.45362499889269 17 4 0 0 0 0 27
5.8348107370626 13 7 0 0 0 0 26
6.22455842927536 16 4 0 0 0 0 26
5.87493073085203 13 5 0 0 0 0 24
5.5683445037611 12 15 0 0 0 0 33
5.99146454710798 10 16 0 0 0 0 32
6.60665018619822 13 10 0 0 0 0 29
5.8348107370626 12 16 0 0 0 0 34
5.62040086571715 15 8 0 0 0 0 29
6.05678401322862 9 9 0 0 0 0 24
5.47646355193151 12 7 0 0 0 0 25
5.95324333428778 13 5 0 0 0 0 24
5.85793315448346 12 11 0 0 0 0 29
6.39526159811545 12 11 0 0 0 0 29
6.62007320653036 15 10 0 1 0 0 31
6.53958595561767 16 11 0 0 0 0 33
4.99043258677874 12 16 0 0 0 0 34
5.63478960316925 12 8 0 1 0 1 26
6.64509096950564 18 8 0 1 0 1 32
6.9177056098353 13 13 0 1 0 1 32
6.24804287450843 14 6 0 0 0 1 26
5.99146454710798 16 4 0 0 0 1 26
5.92692602597041 12 7 0 0 0 1 25
6.39024066706535 12 13 0 0 0 1 31
5.85793315448346 7 18 0 0 0 1 31
6.0330862217988 11 16 0 0 0 1 33
5.82304589548302 16 7 0 0 0 1 29
6.17586727010576 18 2 0 0 0 1 26
6.21460809842219 12 10 0 0 0 1 28
5.72031177660741 12 9 0 0 0 1 27
6.10924758276437 10 18 0 0 0 1 34
6.64509096950564 16 7 0 1 0 1 29
6.58063913728495 16 4 0 1 0 1 26
6.90775527898214 13 10 0 1 0 1 29
6.4377516497364 14 10 0 1 0 1 30
6.70563909486 16 4 0 1 0 1 26
5.93224518744801 12 16 0 1 0 1 34
6.56244409369372 12 15 0 1 0 1 33
6.01859321449623 14 4 0 1 0 1 24
7.19967834569117 13 13 0 1 0 1 32
6.57368016696065 12 16 0 0 0 1 34
5.25749537202778 10 16 1 1 0 1 32
6.68085467879022 16 10 1 1 0 1 32
6.82871207164168 16 12 1 1 0 1 34
5.48063892334199 15 5 1 1 0 1 26
6.4377516497364 13 6 0 1 0 1 25
6.93244789157251 8 10 0 1 0 1 24
6.22059017009974 12 10 1 0 1 1 28
6.13556489108174 16 6 0 1 0 1 28
6.16541785423142 16 3 0 0 0 1 25
6.21460809842219 15 5 0 1 1 1 26
6.90775527898214 12 16 0 0 0 1 34
6.49677499018586 13 15 0 0 0 1 34
6.56103066589657 15 13 0 1 0 1 34
6.8330317327862 16 9 0 1 1 1 31
5.7037824746562 12 6 0 0 0 1 24
5.89989735358249 15 6 0 1 0 1 27
6.46925031679577 12 12 0 1 0 1 30
6.13556489108174 18 1 0 0 0 1 25
6.93342302573071 18 9 0 1 0 1 33
6.26339826259162 12 6 0 1 0 1 24
5.92692602597041 18 5 0 1 0 1 29
7.33823815006559 18 10 0 1 0 1 34
6.82762923450285 18 9 0 1 0 1 33
6.34212141872115 13 7 0 1 0 1 26
6.39692965521615 14 5 0 1 0 1 25
6.58063913728495 15 6 0 1 0 1 27
7.01750614294126 17 1 0 1 0 1 24
6.56807791141198 14 7 0 1 0 1 27
6.69456205852109 16 7 0 1 0 1 29
6.82979373751242 11 10 0 1 0 1 27
6.30991827822652 9 10 0 1 0 1 25
5.6021188208797 12 8 0 1 0 1 26
6.72503364216684 7 19 0 1 0 1 32
7.09007683577609 12 12 0 1 0 1 30
6.36475075685191 14 13 0 1 0 1 33
6.53087762772588 17 11 1 1 0 1 34
6.90775527898214 18 8 1 1 0 1 32
6.28599809450886 13 5 1 1 0 1 24
6.5366915975913 12 10 1 1 0 1 28
6.21460809842219 12 10 0 1 0 1 28
6.62007320653036 13 14 0 1 0 1 33
6.81673588059497 17 6 0 1 1 1 29
6.39692965521615 15 3 0 1 0 1 24
6.3578422665081 16 2 0 1 0 1 24
6.39859493453521 12 8 0 1 0 1 26
6.3578422665081 12 13 0 1 0 1 31
6.51767127291227 12 14 0 1 0 1 32
6.15909538849193 18 3 1 1 0 1 27
5.85793315448346 14 4 0 1 0 1 24
6.42971947803914 15 11 0 1 0 1 32
5.93489419561959 16 2 0 1 0 1 24
5.49306144334055 16 3 0 1 0 1 25
6.62007320653036 12 8 0 1 0 1 26
6.08904487544685 18 6 0 0 0 1 30
6.53378883793334 14 9 0 1 0 1 29
6.21660610108486 18 1 0 0 0 1 25
5.99146454710798 12 11 0 1 0 1 29
6.88857245956536 12 8 0 1 0 1 26
6.47543271670409 14 10 0 1 1 1 30
6.4377516497364 12 14 0 1 0 1 32
6.56103066589657 16 6 1 1 0 1 28
6.94985645500077 12 11 0 1 0 1 29
6.63463335786169 12 9 0 1 0 1 27
6.26149168432104 13 6 0 0 0 1 25
6.35437004079735 13 8 1 1 0 1 27
6.76272950693188 14 6 1 1 0 1 26
6.5694814204143 12 10 1 1 0 1 28
6.51174532964473 16 5 0 1 0 1 27
6.49526555593701 12 7 0 1 0 1 25
6.29710931993394 14 9 0 1 0 1 29
6.26339826259162 13 6 0 1 0 1 25
6.46146817635372 12 10 0 1 0 1 28
5.6937321388027 12 8 0 1 0 1 26
6.85329909318608 8 19 1 1 0 1 33
6.21460809842219 12 16 1 1 0 1 34
6.42971947803914 13 6 1 1 0 1 25
5.62401750618734 12 7 1 1 0 1 25
5.48063892334199 10 10 0 0 1 1 26
5.48063892334199 10 9 0 0 1 1 25
6.13556489108174 12 15 0 1 0 1 33
6.00141487796115 12 9 1 1 0 1 27
6.10924758276437 12 7 1 1 0 1 25
5.52146091786225 12 6 1 1 0 1 24
6.58892647753352 11 9 1 1 0 1 26
6.50279004591562 12 6 1 1 0 1 24
6.86901445066571 12 10 1 1 0 1 28
6.62007320653036 14 7 0 1 0 1 27
6.50279004591562 14 5 0 1 0 1 25
6.53958595561767 17 11 0 0 0 1 34
6.14203740558736 12 7 1 1 0 1 25
6.46302945692067 12 12 1 1 0 1 30
6.56526497003536 11 12 1 1 0 1 29
6.05208916892442 13 6 1 1 0 1 25
6.72503364216684 12 9 0 1 0 1 27
5.73009978297357 12 8 0 1 0 1 26
6.4377516497364 16 7 0 1 0 1 29
7.27378631784489 16 10 0 1 0 1 32
6.51174532964473 16 3 0 1 0 1 25
7.20489251020467 17 5 0 1 0 1 28
5.99146454710798 17 10 0 1 0 1 33
6.24997524225948 9 19 0 0 0 1 34
6.12249280951439 14 6 0 1 0 1 26
6.0137151560428 17 10 0 1 1 1 33
6.3261494731551 18 10 0 1 0 1 34
5.4380793089232 12 6 1 1 0 1 24
6.93342302573071 17 4 0 1 0 1 27
6.98656645940643 12 9 0 1 0 1 27
7.09174211509515 14 4 0 1 0 1 24
5.79605775076537 17 2 0 0 0 1 25
6.17586727010576 18 3 0 1 0 1 27
6.51174532964473 18 0 0 1 1 1 24
7.42833319419081 17 8 0 1 0 1 31
7.15617663748062 16 12 0 1 0 1 34
6.3578422665081 12 6 0 1 0 1 24
6.09582456243222 18 3 0 1 0 1 27
6.17586727010576 16 6 1 1 0 1 28
6.1463292576689 12 6 1 1 0 1 24
6.50428817353665 6 19 0 1 0 1 31
5.65599181081985 15 6 0 1 0 1 27
6.3578422665081 18 9 0 1 0 1 33
6.58063913728495 14 9 0 1 0 1 29
6.13556489108174 12 7 0 1 0 1 25
6.62007320653036 15 4 0 1 0 1 25
5.29831736654804 12 6 0 1 0 1 24
6.47697236288968 12 9 0 1 0 1 27
6.17586727010576 18 4 0 1 0 1 28
6.39692965521615 11 7 0 1 0 1 24
6.64509096950564 16 6 0 1 1 1 28
6.65286302935335 17 4 0 1 0 1 27
6.46302945692067 16 2 0 1 0 1 24
6.96129604591017 14 13 0 1 0 1 33
6.51619307604296 16 9 0 1 0 1 31
6.53813982376767 12 10 0 1 0 1 28
6.86901445066571 17 7 0 1 0 1 30
5.99146454710798 13 9 0 1 0 1 28
6.51174532964473 16 5 0 1 0 1 27
7.27378631784489 18 10 1 1 0 1 34
6.2709884318583 18 8 0 1 0 1 32
6.5510803350434 14 7 1 1 0 1 27
6.51471269087253 8 20 1 1 0 1 34
6.20253551718792 18 1 0 1 0 1 25
6.21460809842219 12 6 0 1 0 1 24
6.10924758276437 16 2 1 1 0 1 24
6.39859493453521 13 6 1 1 0 1 25
6.57507584059962 13 9 1 1 0 1 28
6.35437004079735 12 11 1 1 0 1 29
5.85793315448346 12 7 1 1 0 1 25
5.85793315448346 12 6 1 1 0 1 24
6.46614472423762 16 7 0 1 0 1 29
6.51471269087253 15 3 0 1 0 1 24
6.5206211275587 15 7 0 1 0 1 28
6.2803958389602 12 9 0 1 0 1 27
6.26149168432104 16 9 0 1 0 1 31
6.50279004591562 16 6 0 1 1 1 28
5.91350300563827 14 6 0 1 0 1 26
6.48920493132532 15 5 0 1 0 1 26
6.5510803350434 12 16 1 1 0 1 34
5.73979291217923 18 3 0 1 0 1 27
6.73459165997295 9 18 0 1 0 1 33
6.49223983502047 14 11 0 1 0 1 31
6.53958595561767 16 9 0 1 0 1 31
6.3578422665081 15 7 0 1 0 1 28
6.55819780281227 17 3 0 1 0 1 26
5.67675380226828 16 5 0 1 1 1 27
6.62007320653036 13 7 0 1 0 1 26
7.27378631784489 16 12 0 1 0 1 34
7.09174211509515 16 11 0 1 0 1 33
7.37963215260955 15 12 0 1 1 1 33
6.64509096950564 14 12 0 1 1 1 32
6.24027584517077 16 9 0 1 0 1 31
6.69084227741856 12 13 0 1 0 1 31
6.86901445066571 17 11 0 1 0 1 34
6.51471269087253 12 7 0 1 0 1 25
5.98645200528444 13 5 0 1 0 1 24
6.75110146893676 14 13 0 1 0 1 33
6.5410299991899 11 8 1 1 0 1 25
6.46302945692067 11 7 1 1 0 1 24
5.84354441703136 13 8 1 1 0 1 27
6.3297209055227 12 9 1 1 0 1 27
6.52795791762255 12 6 1 1 0 1 24
6.15060276844628 16 7 0 1 1 1 29
5.7037824746562 16 4 0 1 0 1 26
6.51174532964473 18 1 0 1 0 1 25
5.95324333428778 16 2 0 1 0 1 24
6.69456205852109 16 11 0 1 0 1 33
6.30627528694802 17 1 0 1 0 1 24
6.21460809842219 16 4 0 1 0 1 26
6.58892647753352 13 10 0 1 0 1 29
6.26149168432104 16 6 0 1 0 1 28
6.10924758276437 15 3 1 1 0 1 24
6.62671774924902 12 10 1 1 0 1 28
6.46146817635372 12 6 1 1 0 1 24
5.74620319054015 12 6 1 1 0 1 24
7.26192709270275 12 11 0 1 0 1 29
6.63463335786169 12 10 0 1 0 1 28
6.39692965521615 12 8 0 1 0 1 26
7.01301578963963 16 10 0 1 0 1 32
6.63725803128446 16 11 0 1 0 1 33
6.47697236288968 12 14 0 1 0 1 32
7.05185562295589 14 7 0 1 0 1 27
6.39692965521615 12 6 0 1 0 1 24
6.31896811374643 12 11 0 1 0 1 29
6.29710931993394 11 11 0 1 0 1 28
6.30991827822652 11 8 0 1 0 1 25
6.68461172766793 11 14 0 1 0 1 31
6.90775527898214 11 9 0 1 0 1 26
6.76157276880406 12 13 0 1 0 1 31
6.41836493593621 13 13 0 1 0 1 32
6.25190388316589 16 2 0 1 0 1 24
6.56103066589657 13 11 1 1 0 1 30
6.70686233660275 13 7 1 1 0 1 26
5.7037824746562 10 9 1 1 0 1 25
6.55393340402581 16 8 0 1 0 1 30
7.18690102041163 16 12 0 1 0 1 34
5.94017125272043 12 9 1 1 0 1 27
5.99146454710798 11 9 1 1 0 1 26
6.21060007702465 11 8 1 1 0 1 25
6.49677499018586 10 17 1 1 0 1 33
6.39692965521615 10 17 1 1 0 1 33
6.94119005506837 18 8 0 0 1 1 32
6.98378996525813 14 5 0 1 0 1 25
5.99146454710798 18 0 0 1 1 1 24
6.46302945692067 16 11 0 1 0 1 33
6.42971947803914 12 14 0 1 0 1 32
6.17586727010576 17 7 0 1 0 1 30
6.96413561241824 16 11 0 1 0 1 33
6.30078579466324 12 8 0 1 0 1 26
6.66695679242921 14 6 0 1 0 1 26
6.18414889093748 18 1 0 1 0 1 25
6.58202513889283 14 14 0 1 0 1 34
6.54391184556479 15 7 0 1 0 1 28
6.30809844150953 15 13 0 1 0 1 34
6.67582322163485 15 11 0 1 0 1 32
7.56164174558878 16 11 0 1 1 1 33
6.67582322163485 15 12 0 1 0 1 33
6.80239476332431 15 7 0 1 0 1 28
6.4831073514572 14 12 0 1 0 1 32
6.24027584517077 12 9 0 1 0 1 27
5.95064255258773 14 9 0 1 0 1 29
6.21460809842219 16 5 0 0 1 1 27
6.39859493453521 15 4 0 1 0 1 25
6.08221891037645 12 9 0 1 0 1 27
6.21460809842219 12 7 0 1 0 1 25
7.1420365747068 18 9 0 1 0 1 33
6.61606518513282 14 6 0 1 1 1 26
6.24027584517077 14 7 0 1 0 1 27
6.5510803350434 12 15 0 1 1 1 33
6.51025834052315 16 7 0 1 0 1 29
6.89060912014717 17 7 0 1 0 1 30
5.39362754635236 13 10 0 0 0 1 29
7.09174211509515 18 9 0 1 0 1 33
6.50279004591562 12 12 0 0 0 1 30
6.73101810048208 14 8 1 1 0 1 28
6.09582456243222 15 4 0 1 0 1 25
6.29710931993394 12 7 0 1 0 1 25
6.22455842927536 14 10 0 1 1 1 30
6.68085467879022 12 13 0 0 0 1 31
5.87773578177964 9 9 0 1 0 1 24
6.21460809842219 12 9 0 1 0 1 27
6.86901445066571 12 16 0 1 0 1 34
5.85793315448346 11 11 0 1 0 1 28
5.74620319054015 15 3 0 1 0 1 24
4.76217393479776 16 2 0 1 1 1 24
6.5875500148248 12 15 0 1 0 1 33
6.2841341610708 13 14 1 1 0 1 33
6.27664348934164 13 7 1 1 1 1 26
6.0591231955818 17 5 1 1 1 1 28
6.99759598298193 16 12 0 1 0 1 34
7.56268124672188 12 15 0 1 0 1 33
6.74523634948436 18 8 0 1 1 1 32
5.89989735358249 12 6 0 1 0 1 24
6.16120732169508 16 4 0 1 0 1 26
6.48616078894409 13 7 0 1 0 1 26
6.08677472691231 12 7 0 1 0 1 25
6.13556489108174 14 5 0 1 0 1 25
6.51174532964473 16 6 0 1 0 0 28
7.0475172213573 12 6 0 1 0 0 24
6.68461172766793 12 13 0 1 0 0 31
6.13122648948314 12 7 0 1 0 0 25
5.8111409929767 12 8 0 1 0 0 26
6.55393340402581 13 7 0 1 0 0 26
6.26149168432104 12 7 0 1 0 0 25
6.50279004591562 7 20 0 0 0 1 33
6.46302945692067 18 2 0 1 0 1 26
6.68461172766793 12 6 0 1 0 1 24
6.3578422665081 12 14 0 1 0 1 32
6.04737217904628 18 8 0 0 0 1 32
6.77308037565554 18 5 0 1 0 1 29
6.46146817635372 15 7 0 1 0 1 28
7.00397413672268 16 7 0 1 1 0 29
6.47543271670409 16 4 0 1 0 0 26
6.10924758276437 12 8 0 1 1 0 26
6.82871207164168 12 15 0 1 0 0 33
6.54821910276237 11 10 0 1 0 0 27
6.22455842927536 15 13 1 1 0 0 34
6.32076829425058 16 6 0 1 1 0 28
5.92692602597041 17 2 0 0 0 0 25
6.51174532964473 15 7 0 1 1 0 28
5.73009978297357 13 11 0 1 0 0 30
6.37161184723186 12 16 0 1 0 0 34
6.66057514983969 12 6 0 1 0 0 24
6.48616078894409 12 9 0 1 0 1 27
6.04737217904628 12 10 0 1 0 1 28
7.15617663748062 16 6 0 1 0 1 28
6.86901445066571 12 7 0 1 0 1 25
6.68461172766793 12 12 0 1 0 1 30
6.62007320653036 12 15 0 1 0 1 33
6.4723462945009 18 5 0 1 0 1 29
6.84374994900622 12 11 0 1 0 1 29
6.28599809450886 17 5 0 1 0 1 28
5.66988092298052 15 3 0 1 0 1 24
5.25749537202778 12 11 0 0 1 1 29
6.70686233660275 18 6 0 1 0 1 30
6.70073110954781 18 6 0 1 0 1 30
6.58892647753352 12 11 0 1 0 1 29
7.02553831463852 12 6 0 1 0 1 24
6.42162226780652 17 5 1 1 0 1 28
5.99893656194668 12 8 1 1 0 1 26
6.55819780281227 11 9 0 1 0 1 26
5.82008293035236 15 6 0 1 0 1 27
6.72503364216684 17 5 0 1 0 1 28
5.25749537202778 17 3 0 1 0 1 26
6.59304453414244 12 8 0 1 0 1 26
6.29526600143965 10 10 0 1 0 1 26
6.71295620067707 12 10 0 0 0 1 28
6.08221891037645 12 8 0 1 1 1 26
6.59987049921284 14 4 0 1 1 1 24
6.05678401322862 16 2 0 1 0 1 24
5.82894561761021 12 12 0 0 0 1 30
6.17586727010576 13 15 0 1 1 1 34
6.70563909486 16 10 0 1 0 1 32
6.21460809842219 12 10 0 0 0 1 28
6.29710931993394 12 7 1 1 0 1 25
6.10255859461357 16 4 0 1 0 1 26
5.37989735354046 15 4 0 0 0 1 25
5.61677109766657 8 12 0 1 0 1 26
5.8636311755981 15 3 1 1 0 1 24
6.58063913728495 12 11 0 0 0 1 29
6.91572344863131 12 9 0 0 0 1 27
6.4831073514572 17 6 0 1 0 1 29
6.68835471394676 16 4 0 1 0 1 26
6.3456363608286 12 9 0 1 0 1 27
6.39692965521615 16 3 0 1 0 1 25
6.46925031679577 12 6 0 1 0 1 24
6.10924758276437 13 7 0 1 0 1 26
6.09807428216624 13 7 0 1 1 1 26
6.38012253689976 15 8 0 0 0 1 29
6.58063913728495 14 5 0 1 0 1 25
6.5410299991899 12 14 0 1 0 1 32
6.2709884318583 13 7 0 1 1 1 26
6.1527326947041 9 15 0 1 0 1 30
6.17586727010576 16 4 0 1 0 1 26
6.13556489108174 16 3 0 1 0 1 25
6.31716468674728 17 10 0 1 0 1 33
6.76272950693188 14 12 0 1 0 1 32
6.5694814204143 16 8 0 0 0 1 30
6.60665018619822 12 6 0 0 0 1 24
6.70563909486 14 8 0 1 0 1 28
6.51767127291227 12 16 0 1 0 1 34
6.68085467879022 16 7 0 1 0 1 29
6.64509096950564 13 5 0 1 0 1 24
6.13556489108174 16 3 0 1 0 1 25
6.25190388316589 14 4 0 1 0 1 24
5.97380961186926 12 7 0 0 0 1 25
6.68461172766793 13 13 0 1 1 1 32
6.51174532964473 17 4 0 1 0 0 27
6.17586727010576 16 11 0 0 0 0 33
6.81454289725996 12 14 0 0 0 0 32
6.17586727010576 12 7 0 0 0 0 25
6.21460809842219 11 16 0 0 0 0 33
5.95324333428778 16 2 0 0 0 0 24
6.07764224334903 12 6 0 1 0 0 24
6.26530121273771 12 7 0 0 0 0 25
6.81673588059497 14 9 0 0 0 0 29
6.29526600143965 16 3 0 0 0 0 25
6.64509096950564 13 9 0 0 0 0 28
5.42053499927229 12 6 0 0 0 0 24
6.56667242980324 18 3 0 0 0 0 27
5.84643877505772 18 10 0 0 0 0 34
6.6682282484174 12 14 0 0 0 0 32
6.12029741895095 14 6 0 1 0 0 26
6.13122648948314 16 2 0 1 0 0 24
5.62401750618734 13 7 0 0 0 0 26
6.69456205852109 17 11 0 1 0 0 34
6.43615036836943 14 7 0 0 0 0 27
6.54678541076052 12 8 0 1 0 0 26
5.93489419561959 14 6 0 0 0 0 26
6.15909538849193 12 6 0 0 0 0 24
6.05208916892442 12 6 0 0 0 0 24
6.47543271670409 16 2 0 0 0 0 24
6.19644412779452 15 4 0 1 0 0 25
6.82871207164168 18 2 0 0 0 0 26
5.85793315448346 12 6 0 0 0 0 24
6.39692965521615 13 6 0 0 0 0 25
6.06145691892802 9 16 0 0 0 0 31
6.21460809842219 12 8 0 0 0 0 26
6.21460809842219 9 9 0 0 0 0 24
5.85793315448346 8 20 0 0 0 0 34
5.91350300563827 14 7 0 0 0 0 27
5.94017125272043 16 2 0 0 0 0 24
5.52146091786225 14 5 0 0 0 0 25
6.22653666928747 18 6 0 1 0 0 30
6.4281052726846 12 9 0 1 0 0 27
5.9427993751267 16 2 0 0 0 0 24
5.88887795833288 12 12 0 0 0 0 30
6.37672694789863 12 10 0 1 0 0 28
5.85793315448346 12 6 0 1 0 0 24
6.18208490671663 12 14 0 1 0 0 32
6.72743172485086 11 17 0 0 0 0 34
6.28226674689601 10 13 0 1 0 0 29
5.95324333428778 17 5 0 0 0 1 28
6.10924758276437 11 8 0 0 0 1 25
6.19644412779452 16 6 0 0 0 1 28
6.81783057145415 12 6 0 0 0 1 24
6.72262979485545 18 8 0 1 0 1 32
6.07304453410041 12 12 0 0 0 1 30
6.5510803350434 12 8 0 0 0 1 26
6.29526600143965 10 10 0 0 0 1 26
5.44241771052179 16 2 0 0 0 1 24
5.97888576490112 12 16 0 0 0 0 34
6.58063913728495 12 7 0 1 0 0 25
7.07918439460967 12 7 0 0 0 0 25
6.21660610108486 12 7 0 1 0 0 25
5.8171111599632 16 2 0 1 0 1 24
6.33682573114644 12 14 0 0 0 1 32
6.87109129461055 17 11 0 0 1 0 34
7.22548147278229 12 15 0 1 0 0 33
6.68461172766793 12 10 0 1 0 0 28
6.4118182677099 12 12 0 1 0 0 30
6.50727771238501 16 3 0 1 0 0 25
6.09807428216624 11 8 0 1 0 0 25
6.18414889093748 13 6 0 1 0 0 25
6.56526497003536 18 8 0 0 0 0 32
6.8596149036542 12 14 0 0 0 0 32
6.17378610390194 11 8 0 0 0 0 25
6.21460809842219 13 8 0 1 0 0 27
6.12468339089421 16 4 0 1 1 0 26
6.58063913728495 18 0 0 0 0 1 24
6.59714570188665 12 6 0 0 0 1 24
5.79909265446053 12 15 0 0 0 1 33
6.01615715969835 12 9 0 0 0 1 27
6.18620862390049 12 9 0 0 0 1 27
6.86901445066571 18 7 0 1 1 1 31
5.88332238848828 16 2 0 0 0 1 24
5.79909265446053 12 6 0 0 0 0 24
6.4377516497364 12 10 0 0 0 0 28
6.20455776256869 12 8 0 0 0 0 26
6.48157712927643 12 11 0 0 0 0 29
6.58202513889283 12 9 0 0 0 0 27
6.55677835615804 12 7 0 0 0 0 25
6.24222326545517 9 14 0 0 0 0 29
6.4377516497364 12 13 0 1 0 0 31
6.43294009273918 18 5 0 0 0 0 29
6.05678401322862 15 5 0 1 0 0 26
6.48157712927643 12 11 0 0 0 0 29
6.46614472423762 12 12 0 0 0 0 30
6.35437004079735 12 16 0 1 0 0 34
5.74620319054015 13 15 0 0 1 0 34
6.49828214947643 18 0 0 0 0 0 24
6.31896811374643 13 13 0 0 0 0 32
5.7037824746562 18 0 0 1 0 0 24
6.46458830368996 15 7 0 0 0 0 28
6.50279004591562 14 8 0 1 0 0 28
7.18538701558042 18 4 0 1 0 0 28
6.22257626807137 12 6 0 1 0 0 24
6.66057514983969 16 3 0 1 0 0 25
6.70563909486 14 5 0 1 0 0 25
6.25382881157547 12 10 0 0 0 0 28
6.3578422665081 12 9 0 0 0 0 27
5.92692602597041 11 8 0 0 0 0 25
6.21460809842219 12 6 0 0 0 0 24
6.4377516497364 16 6 0 1 0 0 28
6.52795791762255 16 12 0 0 0 0 34
6.1527326947041 14 6 0 0 0 0 26
6.4425401664682 13 8 0 0 0 0 27
6.26339826259162 13 5 0 0 0 0 24
6.31716468674728 12 14 0 0 0 0 32
6.46302945692067 16 3 0 1 0 1 25
6.24027584517077 13 15 0 1 0 1 34
6.40357419793482 12 9 0 1 0 1 27
6.5510803350434 13 14 0 1 0 1 33
6.40687998606931 12 15 0 1 0 1 33
6.92853781816467 12 15 0 1 0 1 33
6.57088296233958 12 13 0 1 0 1 31
6.21460809842219 12 10 0 1 0 1 28
6.36818718635049 12 10 0 1 0 1 28
6.55961523749324 12 13 0 1 0 1 31
6.25382881157547 16 8 0 0 0 1 30
6.48616078894409 16 7 0 1 0 1 29
6.52795791762255 16 6 0 1 0 1 28
5.62040086571715 13 6 0 1 0 1 25
6.56103066589657 13 15 1 1 0 1 34
6.66949808985788 12 16 0 1 0 1 34
7.18462915271731 18 7 0 1 0 1 31
6.00141487796115 14 8 0 1 0 1 28
5.7037824746562 16 3 0 1 0 1 25
6.51174532964473 12 8 0 1 0 1 26
6.58202513889283 12 16 0 1 0 1 34
6.64509096950564 16 4 0 0 0 1 26
6.63331843328038 16 8 0 0 0 1 30
6.07304453410041 18 6 0 0 0 1 30
7.0833878476253 13 15 0 0 0 1 34
6.13556489108174 17 8 0 0 0 1 31
5.91350300563827 12 6 0 0 0 1 24
6.16331480403464 12 12 0 0 0 1 30
6.07534603108868 12 10 0 0 0 1 28
5.80513496891649 12 8 0 0 0 1 26
6.46146817635372 16 9 0 1 0 1 31
6.22455842927536 12 16 0 0 0 1 34
6.4377516497364 16 7 0 0 0 1 29
6.13556489108174 12 13 0 0 0 1 31
6.70563909486 17 4 0 1 1 1 27
6.07073772800249 17 1 0 1 0 1 24
6.46302945692067 14 5 0 1 0 1 25
5.41610040220442 15 4 0 0 0 1 25
6.58063913728495 15 13 1 1 0 1 34
6.58202513889283 16 4 0 1 0 1 26
6.70563909486 16 7 0 1 0 1 29
6.49828214947643 16 5 0 1 0 1 27
6.7990558620588 18 4 0 1 0 1 28
6.67582322163485 11 17 0 1 0 1 34
6.289715570909 15 10 0 1 0 1 31
6.7990558620588 11 10 0 1 0 1 27
6.58063913728495 15 9 0 1 0 1 30
6.82979373751242 13 5 0 1 0 1 24
6.23048144757848 12 10 0 1 0 1 28
6.83410873881384 16 10 0 1 0 1 32
6.55819780281227 17 10 0 1 0 1 33
6.76272950693188 12 12 0 1 0 1 30
6.25382881157547 16 2 0 1 0 1 24
6.0330862217988 12 6 0 1 0 1 24
5.5834963087817 15 5 0 1 0 1 26
6.4377516497364 15 3 0 1 0 1 24
6.84587987526405 12 13 0 1 0 1 31
6.64118216974059 16 3 0 1 0 1 25
6.68586094706836 9 14 0 1 0 1 29
6.56103066589657 15 7 0 1 0 1 28
6.52795791762255 12 12 0 1 0 1 30
6.0330862217988 16 4 0 1 0 1 26
6.39692965521615 18 5 0 1 0 1 29
6.52502965784346 15 4 0 1 0 1 25
6.82219739062049 18 7 0 0 0 1 31
6.60394382460047 12 14 0 1 0 1 32
7.06219163228656 12 10 0 1 0 1 28
6.63987583382654 11 12 0 1 0 1 29
6.86901445066571 12 8 0 1 0 1 26
5.7037824746562 18 3 0 1 0 1 27
6.48920493132532 16 2 0 1 0 1 24
6.13556489108174 12 8 0 1 0 1 26
6.58063913728495 12 6 0 1 0 1 24
6.76272950693188 12 7 0 1 0 1 25
6.39024066706535 11 7 0 1 0 1 24
6.81234509417748 12 14 0 1 0 1 32
6.9555926083963 12 11 0 1 0 1 29
6.12029741895095 13 15 0 1 1 1 34
6.51471269087253 12 9 1 0 1 1 27
6.58063913728495 12 6 1 1 0 1 24
6.39692965521615 7 20 1 1 0 1 33
6.82979373751242 12 10 1 1 0 1 28
6.62007320653036 12 10 0 1 0 1 28
6.33327962813969 12 10 0 1 0 1 28
6.4377516497364 14 6 0 1 0 1 26
5.7037824746562 10 13 0 0 0 1 29
7.22983877815125 12 9 0 0 0 1 27
6.1527326947041 14 5 0 1 0 1 25
6.66949808985788 12 10 0 1 0 1 28
5.4380793089232 16 3 0 1 0 1 25
5.96357934361845 10 11 0 0 0 0 27
5.75257263882563 12 15 0 1 0 0 33
5.87211778947542 17 6 0 1 0 0 29
6.21460809842219 8 12 0 1 0 0 26
6.47697236288968 11 16 0 0 0 0 33
6.70318811324086 12 9 0 1 0 0 27
6.47543271670409 13 7 0 0 0 0 26
6.07534603108868 12 11 0 1 0 0 29
6.39692965521615 11 10 0 0 0 0 27
5.32787616878958 13 7 0 1 1 0 26
6.17586727010576 12 9 0 1 1 0 27
6.18414889093748 13 5 0 1 1 0 24
6.63200177739563 18 5 0 1 0 0 29
6.90274273715859 12 8 0 1 0 0 26
7.06219163228656 12 11 0 1 0 1 29
5.74939298590825 16 3 0 1 0 1 25
6.81892406527552 13 6 0 1 0 1 25
6.49828214947643 13 7 0 1 0 1 26
6.6631326959908 12 11 0 1 0 1 29
6.47697236288968 13 13 0 1 0 1 32
5.58724865840025 9 12 0 1 1 1 27
5.87211778947542 8 19 0 0 0 1 33
6.08677472691231 8 19 0 0 0 1 33
6.16331480403464 11 13 0 1 0 1 30
6.5875500148248 11 15 0 1 0 1 32
6.58063913728495 16 6 0 1 0 1 28
6.33327962813969 12 16 0 1 0 1 34
6.39692965521615 12 8 0 1 0 1 26
6.53958595561767 15 4 0 1 0 1 25
6.04737217904628 15 7 0 1 0 1 28
6.66695679242921 12 6 0 1 0 1 24
7.09174211509515 12 13 0 1 0 1 31
6.3578422665081 16 12 0 1 0 1 34
6.45362499889269 18 3 0 0 0 1 27
6.01615715969835 12 9 0 1 0 1 27
5.91350300563827 16 2 0 1 0 1 24
6.67076632084587 16 4 0 1 0 1 26
6.10924758276437 17 1 0 1 0 1 24
7.13169851046691 12 10 0 1 0 1 28
6.69456205852109 16 8 0 1 0 1 30
5.73009978297357 16 8 0 1 0 1 30
6.70563909486 12 12 0 0 0 1 30
6.51174532964473 16 8 0 1 0 1 30
6.26149168432104 12 11 0 0 0 1 29
5.61677109766657 15 9 0 0 0 1 30
6.04737217904628 17 5 0 0 0 1 28
6.46302945692067 16 6 0 1 0 1 28
6.10924758276437 12 10 0 0 0 1 28
5.80814248998044 12 8 0 0 0 1 26
6.81673588059497 12 14 0 0 0 1 32
4.85203026391962 11 10 0 0 0 1 27
5.98141421125448 16 5 0 0 0 1 27
6.16331480403464 13 9 0 1 0 1 28
6.10924758276437 13 12 0 0 0 1 31
5.7037824746562 16 2 0 0 0 1 24
6.13556489108174 18 5 0 1 0 1 29
6.44571981938558 12 14 0 0 0 1 32
6.18414889093748 12 15 0 0 0 1 33
6.30809844150953 12 12 0 0 0 1 30
5.91889385427315 12 7 0 0 0 1 25
6.46302945692067 12 16 0 0 0 1 34
6.25190388316589 12 11 0 1 0 1 29
5.95324333428778 9 11 0 0 0 1 26
6.10924758276437 16 7 0 1 1 1 29
5.75257263882563 12 8 0 0 0 0 26
6.59441345974978 14 9 0 0 0 0 29
5.78382518232974 12 14 0 0 0 0 32
6.42324696353352 16 6 0 1 0 0 28
5.84643877505772 15 9 0 1 0 0 30
6.15485809401642 13 9 0 1 0 0 28
5.7037824746562 12 9 0 0 0 0 27
6.06378520868761 13 5 0 1 0 1 24
5.58724865840025 12 10 1 1 0 1 28
5.4380793089232 12 10 0 1 0 1 28
6.06842558824411 14 4 0 1 0 1 24
6.27476202124194 12 8 0 1 0 1 26
7.00306545878646 12 9 0 1 0 1 27
6.37672694789863 12 10 1 1 0 1 28
6.73459165997295 18 6 0 0 0 1 30
6.46302945692067 15 3 0 1 0 1 24
6.86901445066571 14 14 0 1 0 1 34
6.82546003625531 13 14 0 1 0 1 33
5.85793315448346 15 6 0 0 0 0 27
5.95324333428778 16 2 0 0 0 0 24
6.42648845745769 16 11 0 0 0 0 33
6.1527326947041 13 12 0 1 0 0 31
6.01859321449623 12 9 0 0 0 0 27
5.99146454710798 12 7 0 0 0 0 25
6.5510803350434 11 16 0 1 0 0 33
5.73979291217923 15 6 0 1 0 0 27
5.49306144334055 14 4 0 0 1 0 24
5.51342874616498 12 14 1 1 1 0 32
6.04737217904628 11 13 1 1 0 0 30
6.39692965521615 11 16 1 1 0 0 33
6.5510803350434 17 2 1 1 0 0 25
5.7037824746562 12 6 0 1 0 0 24
6.53813982376767 12 6 0 1 0 0 24
6.39692965521615 12 12 0 1 0 0 30
6.5510803350434 12 12 0 1 0 0 30
5.61677109766657 14 5 0 0 0 0 25
6.51471269087253 9 19 1 1 0 0 34
6.10702288774225 17 5 0 1 0 0 28
6.45362499889269 16 8 0 1 0 0 30
7.13089883029635 14 9 0 0 0 0 29
6.86901445066571 18 5 0 1 0 0 29
6.19440539110467 18 1 0 0 0 0 25
6.37331978957701 12 6 0 0 0 0 24
6.62007320653036 14 13 0 0 0 0 33
5.78689738136671 18 2 0 0 0 0 26
6.06378520868761 18 5 0 1 0 0 29
6.34738920965601 12 8 0 1 0 0 26
6.81673588059497 16 6 0 0 0 0 28
6.3578422665081 14 10 0 0 0 0 30
6.07073772800249 11 15 0 0 0 0 32
6.22455842927536 12 6 0 0 0 0 24
6.58063913728495 18 10 0 0 0 1 34
6.86901445066571 16 11 0 1 0 1 33
6.4118182677099 12 13 0 1 0 1 31
6.10924758276437 12 7 0 0 0 1 25
6.4377516497364 12 15 0 0 0 0 33
6.5694814204143 14 6 0 0 0 0 26
6.56526497003536 12 6 0 0 0 0 24
6.81673588059497 16 10 0 1 0 0 32
6.03548143252476 8 10 0 0 0 0 24
6.53958595561767 13 10 0 0 0 0 29
5.56068163101553 12 16 0 1 0 0 34
6.47697236288968 13 7 0 1 0 0 26
6.41345895716736 14 5 0 1 0 0 25
6.5875500148248 12 11 0 1 0 0 29
6.64248680136726 13 13 0 1 0 0 32
6.42971947803914 12 9 0 0 0 0 27
6.58063913728495 16 5 0 1 0 0 27
6.24610676548156 18 2 0 1 0 0 26
5.99146454710798 12 7 0 0 0 0 25
6.69456205852109 14 7 0 1 1 0 27
6.13122648948314 12 6 0 0 0 0 24
6.46458830368996 17 9 0 0 0 0 32
6.25190388316589 12 10 0 0 0 0 28
6.34212141872115 12 6 0 1 0 0 24
6.5410299991899 16 2 0 0 0 0 24
6.88550967003482 12 13 0 1 0 0 31
6.65801104587075 12 14 0 0 0 0 32
6.09356977004514 14 7 0 1 0 0 27
6.53958595561767 16 11 0 1 0 0 33
6.0330862217988 16 4 0 0 0 0 26
6.65027904858742 11 13 0 1 0 0 30
5.99146454710798 15 5 0 1 0 0 26
6.80239476332431 12 9 0 1 0 0 27
6.5510803350434 16 9 0 0 0 0 31
6.18414889093748 16 2 0 0 0 0 24
6.79570577517351 16 7 0 1 0 0 29
6.62007320653036 18 5 0 1 0 0 29
6.96129604591017 13 14 0 0 0 0 33
6.83840520084734 12 10 0 0 0 0 28
6.34212141872115 12 8 0 0 0 0 26
6.89467003943348 16 3 0 1 0 0 25
6.64509096950564 16 2 0 1 0 0 24
6.47389069635227 12 9 0 0 0 0 27
6.10702288774225 16 8 0 0 0 0 30
6.36302810354046 12 9 0 0 0 0 27
6.30991827822652 8 19 0 0 0 0 33
6.68461172766793 12 11 0 1 0 0 29
5.07517381523383 12 6 0 1 0 0 24
6.13556489108174 17 5 0 1 0 0 28
6.05208916892442 14 5 0 1 0 0 25
6.39692965521615 8 18 0 1 0 0 32
6.76388490856244 17 3 0 1 0 0 26
6.52649485957079 12 10 0 1 0 0 28
7.01660968389422 12 9 0 1 0 0 27
7.00306545878646 12 8 0 1 0 0 26
5.65599181081985 12 6 0 0 0 0 24
6.24027584517077 14 8 0 1 0 0 28
6.47697236288968 13 7 0 1 0 0 26
6.94601399109923 12 13 0 1 0 0 31
6.5510803350434 12 8 0 1 0 0 26
5.75257263882563 18 7 0 1 0 1 31
5.73657229747919 12 15 0 0 0 1 33
5.81413053182507 11 10 0 0 0 1 27
6.24997524225948 11 8 0 0 0 1 25
6.56385552653213 16 6 0 1 0 1 28
6.43454651878745 12 7 0 0 0 1 25
5.6970934865054 13 9 0 0 0 1 28
6.4377516497364 14 4 0 1 0 1 24
6.64509096950564 16 7 0 1 0 1 29
6.12905021006055 16 6 0 1 0 1 28
6.30991827822652 12 13 0 0 0 1 31
6.1527326947041 14 9 0 0 0 1 29
5.98141421125448 12 15 0 0 0 1 33
6.38687931936265 14 5 0 0 0 1 25
6.94601399109923 16 6 0 0 0 1 28
5.99146454710798 12 16 0 1 0 1 34
6.54821910276237 12 8 0 0 0 1 26
6.5694814204143 16 4 0 0 1 1 26
6.30991827822652 12 6 0 0 0 1 24
5.80814248998044 14 7 0 0 0 1 27
6.96413561241824 12 11 0 1 0 1 29
6.38012253689976 11 13 0 1 0 1 30
6.45047042214418 12 6 0 1 0 1 24
6.21460809842219 10 10 0 1 0 1 26
6.66949808985788 14 8 0 1 0 1 28
6.72383244082121 18 7 0 1 0 1 31
6.289715570909 12 8 0 1 0 1 26
6.3578422665081 18 4 0 1 0 1 28
6.69456205852109 14 10 0 1 0 1 30
6.58202513889283 14 10 0 1 0 1 30
6.39692965521615 12 8 0 1 1 1 26
6.11368217983223 10 12 0 1 1 1 28
5.7037824746562 7 14 0 1 1 1 27
5.97380961186926 12 8 1 1 1 1 26
5.29831736654804 12 8 1 1 1 1 26
6.62007320653036 9 18 0 0 1 1 33
6.51174532964473 16 4 0 0 1 1 26
6.89669433162271 14 10 0 1 1 1 30
6.77992190747225 17 4 0 1 1 1 27
6.80793494369993 13 7 0 0 1 1 26
5.52146091786225 14 14 1 1 1 1 34
6.25382881157547 10 12 0 1 1 1 28
5.87493073085203 12 9 0 1 1 1 27
5.62762111369064 12 6 0 1 1 1 24
5.99146454710798 12 7 1 1 1 1 25
5.60947179518496 10 12 1 1 1 1 28
6.21460809842219 11 14 0 1 1 1 31
6.40191719672719 11 16 0 1 1 1 33
5.99146454710798 12 7 0 1 1 1 25
6.16331480403464 12 10 1 1 1 1 28
7.00306545878646 12 15 0 1 1 1 33
5.82008293035236 14 6 0 1 1 1 26
6.28785856016178 11 10 0 1 1 1 27
6.00141487796115 13 7 1 1 1 1 26
6.62936325343745 16 5 0 1 1 1 27
6.31716468674728 16 11 0 1 1 1 33
6.3578422665081 16 7 0 1 1 1 29
6.06842558824411 15 5 0 1 1 1 26
6.30991827822652 11 12 0 1 1 1 29
6.68085467879022 16 2 0 1 1 1 24
6.10924758276437 14 7 0 1 1 1 27
6.69332366826995 13 10 0 1 1 1 29
6.39692965521615 13 5 0 1 1 1 24
6.83840520084734 13 15 0 1 1 1 34
6.17586727010576 11 16 0 0 1 1 33
6.43454651878745 12 11 0 1 1 1 29
5.79301360838414 10 11 1 1 1 1 27
6.39692965521615 16 4 0 1 1 1 26
6.5410299991899 14 7 1 1 1 1 27
6.82762923450285 15 12 0 1 1 1 33
6.58063913728495 12 10 0 1 1 1 28
6.29156913955832 12 7 1 1 1 1 25
6.12905021006055 13 8 1 1 1 1 27
6.18414889093748 13 8 1 1 1 1 27
5.85793315448346 12 7 1 1 1 1 25
5.29831736654804 16 3 0 1 1 1 25
6.25382881157547 10 14 1 1 1 1 30
5.52146091786225 12 7 1 1 1 1 25
6.22257626807137 11 11 1 1 0 1 28
5.89440283426485 12 10 1 1 1 1 28
6.4831073514572 11 16 1 1 1 1 33
6.05208916892442 12 14 1 1 1 1 32
5.50125821054473 12 13 1 1 1 1 31
5.52146091786225 11 8 1 1 1 1 25
6.77878489768518 13 13 0 1 0 1 32
6.53233429222235 12 8 1 1 1 1 26
5.99645208861902 11 15 1 1 1 1 32
6.0591231955818 12 13 1 1 1 1 31
5.78382518232974 13 5 0 1 1 1 24
6.58617165485467 17 4 0 1 1 1 27
6.65929391968364 12 7 0 1 1 1 25
5.57594910314632 14 7 1 1 1 1 27
6.10924758276437 12 14 1 1 1 1 32
5.84643877505772 14 7 1 1 1 1 27
5.85793315448346 13 5 1 1 1 1 24
5.99146454710798 13 5 1 1 1 1 24
6.88755257166462 12 14 0 1 1 1 32
5.95324333428778 12 11 1 1 1 1 29
5.8406416573734 17 5 1 1 0 1 28
6.33327962813969 16 3 1 1 1 1 25
6.13772705408623 7 16 0 1 1 1 29
6.33682573114644 12 10 1 1 1 1 28
6.45833828334479 12 9 1 1 1 1 27
6.13556489108174 10 14 1 1 1 1 30
6.50727771238501 13 8 1 1 1 1 27
6.00141487796115 13 5 1 1 1 1 24
5.92157841964382 17 2 1 1 1 1 25
5.4380793089232 12 6 1 1 1 1 24
6.32435896238131 12 14 1 1 1 1 32
5.7037824746562 8 15 1 1 1 1 29
6.81673588059497 14 9 0 1 1 1 29
6.32435896238131 18 3 0 1 1 1 27
6.2709884318583 13 14 0 1 1 1 33
5.79909265446053 15 5 0 1 1 1 26
5.92692602597041 9 11 0 1 1 1 26
6.42162226780652 13 5 0 1 1 1 24
6.58063913728495 14 7 0 0 1 1 27
6.2709884318583 16 3 0 1 0 1 25
6.75576892198425 12 16 1 1 1 1 34
6.47543271670409 14 7 1 1 1 1 27
5.47227067367148 10 8 1 1 1 1 24
5.61677109766657 12 16 1 1 1 1 34
5.78382518232974 14 6 1 1 1 1 26
5.87773578177964 14 9 1 1 0 1 29
5.95324333428778 12 12 1 1 1 1 30
5.89989735358249 14 4 0 1 1 1 24
6.68461172766793 8 19 0 1 1 1 33
6.1779441140506 12 16 0 1 1 1 34
6.86171134048073 17 6 0 1 1 1 29
6.13556489108174 17 3 0 1 1 1 26
6.0330862217988 16 6 0 0 1 1 28
5.66988092298052 10 9 0 1 1 1 25
5.48063892334199 12 6 0 1 1 1 24
6.7202201551353 12 13 1 1 1 1 31
5.88887795833288 12 14 0 1 1 1 32
6.39359075395063 16 6 0 0 1 1 28
6.62007320653036 13 6 0 1 1 1 25
5.95324333428778 16 3 1 1 1 1 25
6.42971947803914 16 6 1 1 1 1 28
6.46302945692067 13 15 0 1 1 1 34
6.14846829591765 16 4 1 1 1 1 26
5.95324333428778 13 5 1 1 1 1 24
6.13556489108174 12 7 1 1 1 1 25
6.45362499889269 12 9 0 1 1 1 27
5.99146454710798 12 8 0 0 0 1 26
6.63331843328038 13 8 0 1 1 1 27
6.32793678372919 13 8 0 1 1 1 27
6.90775527898214 12 16 0 1 1 1 34
6.05208916892442 11 11 0 1 1 1 28
6.01859321449623 12 12 1 1 1 1 30
5.18738580584075 11 8 0 1 1 1 25
5.92692602597041 18 8 0 1 1 1 32
7.16857989726403 18 4 0 1 1 1 28
6.16541785423142 15 9 1 1 0 1 30
6.65286302935335 16 5 0 1 1 1 27
6.57088296233958 12 9 0 1 1 1 27
6.06145691892802 10 12 1 1 1 1 28
6.07534603108868 13 5 1 1 1 1 24
6.77422388635761 13 7 0 1 1 1 26
6.04973345523196 14 13 1 1 1 1 33
5.92692602597041 12 7 1 1 1 1 25
6.19236248947487 12 7 1 1 1 1 25
6.13556489108174 15 3 1 1 1 1 24
5.82894561761021 12 16 1 1 1 1 34
6.36475075685191 12 12 0 1 1 1 30
6.24416690066374 12 9 0 1 1 1 27
6.95939851213398 12 7 0 1 1 1 25
6.16331480403464 12 12 1 1 1 1 30
7.31455283232408 18 8 0 1 1 1 32
6.86901445066571 15 12 0 1 0 1 33
5.4380793089232 15 9 1 1 1 1 30
6.62007320653036 18 5 1 1 1 1 29
5.41610040220442 15 5 1 1 1 1 26
5.80211837537706 13 7 1 1 1 1 26
5.98393628068719 11 9 1 1 1 1 26
6.62007320653036 10 18 0 1 1 1 34
6.10924758276437 12 7 0 1 1 1 25
6.76272950693188 13 6 1 1 1 1 25
6.28226674689601 8 10 0 1 1 1 24
6.74051935960622 16 5 0 1 0 1 27
6.63200177739563 16 4 0 1 0 1 26
6.39692965521615 16 2 0 1 1 1 24
6.93731408122368 12 16 0 1 1 1 34
6.77536609093639 14 12 0 1 1 1 32
6.34212141872115 12 14 0 1 1 1 32
6.27852142416584 16 3 0 1 1 1 25
6.17586727010576 12 7 0 1 1 1 25
6.40357419793482 12 10 1 1 1 1 28
6.48768401848461 12 9 0 1 1 1 27
6.4377516497364 12 13 0 1 1 1 31
5.63478960316925 12 11 1 1 1 1 29
6.21460809842219 10 12 0 1 1 1 28
6.28226674689601 12 8 0 1 1 1 26
6.70686233660275 10 10 0 1 1 1 26
6.43615036836943 10 18 0 1 1 1 34
6.40357419793482 10 12 0 1 1 1 28
6.22455842927536 12 13 0 1 0 1 31
6.62007320653036 12 12 0 1 0 1 30
6.58063913728495 12 14 0 1 0 1 32
6.51323011091231 18 8 0 1 0 1 32
6.81673588059497 16 11 0 1 1 1 33
6.77878489768518 17 7 1 1 1 1 30
6.05678401322862 12 8 1 1 1 1 26
6.67456139181443 8 10 1 1 1 1 24
5.78996017089725 14 9 1 1 1 1 29
5.74620319054015 10 14 1 1 1 1 30
6.66695679242921 16 12 1 1 0 1 34
5.82008293035236 18 7 0 1 0 1 31
5.95324333428778 10 14 1 1 1 1 30
6.2709884318583 16 5 1 1 1 1 27
6.06145691892802 10 17 1 0 1 1 33
6.89162589705225 12 9 0 0 0 1 27
6.70563909486 12 16 0 1 1 1 34
6.61338421837956 14 12 1 1 1 1 32
5.84354441703136 10 8 1 1 1 1 24
6.31716468674728 14 14 1 1 1 1 34
5.57215403217776 13 5 1 1 1 1 24
6.61338421837956 18 8 1 1 1 1 32
6.51174532964473 17 6 1 1 1 1 29
6.58063913728495 17 9 1 1 1 1 32
6.08221891037645 13 11 1 1 1 1 30
6.30078579466324 12 8 1 1 1 0 26
5.52146091786225 14 5 1 1 1 0 25
6.43615036836943 14 7 1 1 1 0 27
5.99146454710798 13 10 0 1 1 0 29
6.3578422665081 16 7 0 1 1 0 29
6.70073110954781 16 3 1 1 1 0 25
6.4377516497364 12 16 1 1 1 0 34
6.18414889093748 14 6 1 1 1 0 26
6.73459165997295 16 6 0 1 1 0 28
6.76272950693188 16 5 0 1 1 0 27
5.78382518232974 16 4 0 1 1 0 26
6.16751649088834 14 6 1 1 1 0 26
5.52146091786225 16 3 1 1 1 0 25
6.21460809842219 12 6 0 1 1 0 24
6.24416690066374 13 6 0 1 1 0 25
5.54517744447956 18 4 0 1 1 0 28
6.57646956904822 13 5 0 1 1 0 24
6.67959918584438 18 6 0 1 0 0 30
6.62007320653036 12 7 0 1 1 0 25
6.03787091992214 12 6 1 1 1 0 24
6.06610809010375 12 8 1 1 1 0 26
6.05208916892442 12 7 1 1 0 0 25
5.39362754635236 12 13 1 1 1 0 31
6.52941883826223 13 10 1 1 1 0 29
6.21460809842219 15 13 0 1 1 0 34
6.31173480915291 16 4 0 1 1 0 26
6.5510803350434 11 8 0 1 1 0 25
6.56103066589657 12 14 0 1 1 1 32
6.25958146406492 17 5 0 1 1 1 28
6.07073772800249 12 6 0 1 1 1 24
6.13556489108174 14 5 0 1 1 1 25
5.98393628068719 12 6 0 1 1 1 24
5.99146454710798 15 5 0 1 1 1 26
6.77078942390898 18 4 0 1 0 1 28
5.93489419561959 12 8 0 1 1 1 26
5.89715386763674 12 9 0 1 1 1 27
6.86901445066571 15 10 0 1 1 1 31
6.68586094706836 15 9 0 1 1 1 30
5.99146454710798 5 21 0 1 1 1 32
6.29156913955832 13 10 1 1 1 1 29
6.10924758276437 10 14 0 1 1 1 30
6.08221891037645 15 6 1 1 1 1 27
5.88610403145016 12 8 1 1 1 1 26
6.2709884318583 12 9 0 1 1 1 27
6.58063913728495 12 8 1 1 1 1 26
5.84354441703136 2 23 0 1 1 1 31
6.95844839329766 11 10 0 1 0 1 27
6.5875500148248 16 6 0 1 1 1 28
6.29710931993394 12 15 1 1 0 1 33
7.09174211509515 16 11 0 1 0 1 33
5.99146454710798 16 2 0 1 1 1 24
5.92692602597041 9 17 1 1 1 1 32
5.63835466933375 11 13 1 1 1 1 30
4.84418708645859 12 6 1 1 1 1 24
7.23921497377981 12 14 1 1 0 1 32
6.47543271670409 12 12 0 0 1 1 30
6.04025471127741 16 9 0 1 1 1 31
6.12029741895095 16 5 0 1 1 1 27
6.49375383985169 12 7 1 1 1 1 25
5.94017125272043 12 6 0 0 1 1 24
5.75257263882563 10 18 1 1 1 1 34
6.11368217983223 14 4 0 1 1 1 24
6.4377516497364 12 10 0 1 1 1 28
6.39859493453521 14 4 0 1 1 1 24
6.21260609575152 13 8 0 1 1 1 27
6.5410299991899 8 17 0 1 1 0 31
6.28226674689601 18 8 0 0 1 1 32
6.14203740558736 7 13 0 1 0 1 26
5.99146454710798 12 6 0 0 1 1 24
5.90808293816893 18 3 0 0 1 1 27
6.5510803350434 8 11 0 0 1 1 25
6.86901445066571 16 9 0 1 0 1 31
5.89989735358249 6 12 0 0 1 1 24
6.16331480403464 9 18 0 0 1 1 33
5.29831736654804 12 6 0 0 1 1 24
6.39692965521615 9 9 1 1 0 1 24
6.22455842927536 12 9 1 1 0 1 27
6.3578422665081 16 9 1 1 1 1 31
6.12468339089421 12 6 1 0 1 1 24
6.62007320653036 12 16 0 1 1 1 34
6.3578422665081 11 15 0 0 1 1 32
5.66642668811243 15 3 0 1 1 1 24
5.41164605185504 12 7 1 1 1 1 25
5.89440283426485 10 8 1 1 1 1 24
5.43372200355424 10 10 1 1 1 1 26
5.4553211153577 9 11 1 1 1 1 26
6.14203740558736 14 4 1 1 1 1 24
7.64156444126097 16 5 0 1 1 1 27
6.05678401322862 15 10 1 1 1 1 31
6.5191472879404 12 15 0 1 1 1 33
5.74620319054015 13 8 0 0 1 1 27
6.39859493453521 18 4 0 1 1 1 28
6.21460809842219 10 17 0 1 1 1 33
5.92692602597041 12 10 0 1 1 1 28
6.30991827822652 12 16 1 1 1 1 34
6.55393340402581 17 5 1 1 0 1 28
6.4377516497364 16 11 1 1 1 1 33
6.04737217904628 14 14 1 1 1 1 34
5.87211778947542 11 11 1 1 1 1 28
6.25190388316589 12 8 0 1 1 1 26
5.88332238848828 14 4 0 1 1 1 24
5.85507192220243 11 10 1 1 1 1 27
5.68017260901707 12 13 1 1 1 1 31
6.09356977004514 18 4 1 1 1 1 28
5.59842195899838 6 22 1 1 1 1 34
5.95324333428778 14 8 0 1 1 1 28
6.08221891037645 12 9 0 1 1 1 27
6.0330862217988 11 13 0 1 1 1 30
6.17586727010576 11 14 0 1 1 1 31
6.39024066706535 16 8 0 1 1 1 30
6.39692965521615 12 10 1 1 1 1 28
5.52146091786225 14 7 1 1 1 1 27
6.27476202124194 12 13 1 1 1 1 31
6.3818160174061 12 8 1 1 1 1 26
6.22059017009974 12 15 1 1 0 1 33
6.16331480403464 11 8 1 1 0 1 25
7.22548147278229 16 9 0 1 1 1 31
5.78382518232974 17 1 0 1 0 1 24
6.3578422665081 14 5 0 1 1 1 25
6.55393340402581 12 7 0 1 0 1 25
6.09582456243222 16 3 0 1 1 1 25
6.32793678372919 13 8 1 1 1 1 27
6.86901445066571 13 13 0 1 1 1 32
5.73657229747919 12 8 0 1 1 1 26
7.14598446771439 17 10 0 1 1 1 33
6.21460809842219 16 6 0 1 0 1 28
6.36818718635049 16 8 0 1 0 1 30
4.71849887129509 17 2 0 1 0 1 25
6.51174532964473 14 13 0 1 0 1 33
7.56164174558878 17 6 0 1 1 1 29
5.99146454710798 14 4 1 1 1 1 24
6.13122648948314 12 7 1 1 1 1 25
5.50125821054473 12 12 1 1 1 1 30
5.75257263882563 16 5 1 1 1 1 27
6.46302945692067 14 6 0 1 1 1 26
6.62007320653036 12 7 0 1 1 1 25
5.73009978297357 17 2 0 1 0 1 25
5.85793315448346 17 6 0 1 0 1 29
6.13556489108174 18 3 0 1 0 1 27
7.05098944706805 15 13 0 1 0 1 34
7.46622755621548 16 12 0 1 1 1 34
6.64509096950564 17 10 0 1 0 1 33
6.59304453414244 15 8 0 1 0 1 29
6.60123011872888 18 6 0 0 1 1 30
6.21460809842219 16 3 0 0 1 1 25
5.89989735358249 16 2 0 0 1 1 24
5.80814248998044 13 5 0 1 1 1 24
6.58063913728495 12 15 0 0 1 1 33
5.92692602597041 12 9 0 0 1 1 27
5.52146091786225 12 8 0 0 1 1 26
5.88887795833288 17 7 0 0 1 1 30
5.64544689764324 7 19 0 0 1 0 32
6.0282785202307 12 16 0 0 1 0 34
6.25766758788264 16 5 0 0 1 0 27
6.55961523749324 12 15 0 0 1 0 33
6.0137151560428 16 4 0 0 1 0 26
6.03068526026126 12 6 0 0 1 0 24
6.66695679242921 12 12 0 1 0 0 30
6.3578422665081 16 5 0 0 1 0 27
6.16961073249146 16 2 0 0 1 0 24
6.4377516497364 17 4 0 1 1 0 27
6.22455842927536 17 1 0 0 1 0 24
5.65948221575962 12 14 0 0 1 0 32
6.21460809842219 12 6 0 1 1 0 24
6.21460809842219 8 13 0 1 1 0 27
5.85793315448346 12 9 0 0 1 0 27
6.13556489108174 13 5 0 0 1 0 24
6.30627528694802 13 11 1 0 1 0 30
5.54126354515843 12 10 1 0 1 0 28
6.26149168432104 13 5 1 1 1 0 24
5.67675380226828 12 15 1 0 1 0 33
5.92692602597041 14 8 0 1 1 0 28
6.2709884318583 18 8 0 1 1 0 32
6.81234509417748 16 3 0 0 1 0 25
5.8664680569333 9 13 0 1 1 0 28
7.05185562295589 14 8 0 1 1 0 28
5.52146091786225 8 20 0 1 1 0 34
6.66057514983969 13 9 0 1 1 0 28
6.03068526026126 13 12 0 1 1 0 31
5.89715386763674 13 10 1 0 1 1 29
5.92692602597041 13 8 1 1 1 1 27
5.92692602597041 15 3 1 0 1 1 24
5.8805329864007 16 6 1 0 1 1 28
5.7037824746562 7 18 1 0 1 1 31
6.26909628370626 14 5 0 0 1 1 25
5.70044357339069 12 16 0 0 1 1 34
6.10924758276437 8 18 1 0 1 1 32
6.29156913955832 14 5 1 0 1 1 25
6.26909628370626 8 15 0 0 1 1 29
6.64509096950564 12 12 0 0 1 1 30
5.28826703069454 12 8 1 1 0 1 26
5.99146454710798 12 6 1 1 0 1 24
6.62406522779989 12 10 1 1 0 1 28
6.09807428216624 12 6 1 1 0 1 24
5.48063892334199 9 15 1 0 1 1 30
5.11799381241676 3 16 1 0 1 1 25
6.09807428216624 12 6 0 1 1 1 24
5.52146091786225 10 10 1 0 1 1 26
6.16331480403464 12 8 0 0 1 1 26
5.99146454710798 16 6 0 0 1 1 28
5.98645200528444 18 0 0 0 1 1 24
5.85793315448346 12 7 1 1 0 1 25
6.25958146406492 12 15 1 0 1 1 33
5.59842195899838 10 15 1 0 1 1 31
5.73657229747919 9 15 1 0 1 1 30
5.7037824746562 6 19 1 0 1 1 31
5.78382518232974 12 10 1 0 1 1 28
6.80239476332431 12 6 0 1 1 1 24
6.62007320653036 13 7 0 1 1 0 26
5.65248918026865 8 12 1 1 1 0 26
5.62762111369064 12 6 0 1 1 0 24
6.21460809842219 13 10 1 1 1 0 29
6.5510803350434 8 16 0 1 1 0 30
5.7037824746562 9 11 0 1 1 0 26
5.97126183979046 8 20 0 1 1 0 34
6.2363695902037 12 16 0 1 1 0 34
6.43615036836943 16 9 0 1 1 0 31
5.4971682252932 12 9 1 1 1 0 27
5.89440283426485 12 9 0 1 1 0 27
6.40687998606931 16 5 0 1 1 0 27
6.63331843328038 12 7 0 1 1 0 25
5.95324333428778 14 11 0 1 1 0 31
6.20455776256869 12 14 1 1 1 0 32
6.71901315438526 16 5 0 1 1 0 27
6.00141487796115 12 7 0 1 1 0 25
5.58724865840025 15 6 0 0 1 0 27
6.08677472691231 12 16 0 0 1 0 34
5.92692602597041 14 8 0 0 1 0 28
5.70711026474888 10 8 0 0 1 0 24
6.48920493132532 12 16 0 0 1 0 34
6.24222326545517 15 3 1 1 0 0 24
5.7037824746562 12 8 1 0 1 0 26
5.4380793089232 12 8 1 0 1 0 26
5.56068163101553 10 15 1 0 1 0 31
5.72031177660741 12 6 1 0 1 0 24
6.06378520868761 8 17 1 0 1 0 31
5.56068163101553 8 10 1 0 1 0 24
6.3578422665081 16 2 0 1 1 0 24
6.05208916892442 11 12 1 0 1 0 29
5.75257263882563 12 7 1 0 1 0 25
5.92692602597041 13 10 0 0 1 0 29
6.21460809842219 9 18 1 0 1 0 33
6.21460809842219 12 7 0 1 1 0 25
5.85793315448346 12 14 1 1 1 0 32
6.26339826259162 10 13 1 1 1 0 29
6.21460809842219 17 3 0 0 1 0 26
5.95324333428778 16 3 0 1 1 0 25
4.60517018598809 9 10 1 1 1 1 25
5.7037824746562 15 5 1 1 1 1 26
5.23644196282995 12 6 1 1 1 1 24
5.87211778947542 8 19 1 1 1 1 33
5.58724865840025 12 7 1 1 1 1 25
5.58724865840025 12 10 1 1 1 1 28
6.37331978957701 12 16 0 1 1 1 34
5.92692602597041 12 6 1 0 1 1 24
5.84643877505772 12 13 1 0 1 1 31
6.30078579466324 16 6 0 1 1 1 28
6.33150184989369 14 5 0 1 1 1 25
6.3578422665081 12 8 0 1 0 1 26
6.79122146272619 15 5 0 1 0 1 26
6.4377516497364 13 7 0 0 1 1 26
6.03068526026126 13 7 0 0 1 1 26
6.52649485957079 6 19 0 0 1 1 31
6.4377516497364 11 13 1 1 1 0 30
5.73657229747919 9 12 1 1 1 0 27
6.49828214947643 12 10 1 1 1 0 28
5.65599181081985 11 15 0 1 1 0 32
6.39692965521615 12 8 1 1 1 0 26
6.60934924316738 16 7 1 1 0 0 29
5.41610040220442 11 10 1 1 1 0 27
6.43454651878745 12 16 0 1 1 0 34
6.40191719672719 12 6 0 1 1 0 24
6.30991827822652 12 11 0 1 1 0 29
6.68586094706836 16 5 0 0 1 0 27
5.79909265446053 14 10 0 1 1 1 30
6.52795791762255 16 12 0 1 1 1 34
6.90775527898214 15 8 0 1 0 1 29
6.99484998583307 16 8 0 1 1 1 30
6.16541785423142 13 5 1 1 1 1 24
6.21460809842219 12 6 1 1 1 1 24
6.85646198459459 14 5 1 1 1 1 25
7.04053639021596 18 6 1 1 1 1 30
6.10924758276437 12 14 1 1 1 1 32
6.10479323241498 12 7 0 1 1 1 25
5.88887795833288 16 5 0 1 1 1 27
6.28226674689601 13 5 0 1 1 1 24
6.42324696353352 17 2 0 1 1 1 25
6.19440539110467 14 4 0 1 1 1 24
6.0282785202307 12 8 0 1 1 1 26
5.52146091786225 13 5 1 1 1 0 24
6.21460809842219 13 9 0 0 1 0 28
7.05185562295589 18 4 0 1 1 0 28
6.26339826259162 12 14 0 0 1 0 32
5.7037824746562 11 7 0 1 1 0 24
5.73009978297357 9 11 0 0 1 0 26
6.4377516497364 8 15 0 0 1 0 29
5.85793315448346 13 5 0 1 1 0 24
6.51174532964473 16 8 0 0 1 0 30
6.32435896238131 13 9 0 0 1 0 28
5.86078622346587 12 10 1 0 1 0 28
6.58340922215876 12 10 1 1 0 0 28
6.34388043412633 15 6 1 0 1 0 27
5.48063892334199 11 8 1 1 1 0 25
6.10924758276437 8 18 0 0 1 0 32
5.82304589548302 11 16 1 0 1 0 33
5.66296048013595 10 13 1 0 1 0 29
6.02344759296103 17 1 0 0 1 1 24
6.7428806357919 12 11 0 0 1 1 29
6.77308037565554 16 10 0 0 1 1 32
5.68697535633982 11 12 1 0 1 1 29
5.7037824746562 8 12 1 0 1 1 26
5.66642668811243 16 4 1 1 1 1 26
5.6970934865054 9 14 1 0 1 1 29
5.88887795833288 5 21 1 0 1 1 32
7.00033446027523 12 12 1 1 0 1 30
6.14203740558736 16 11 1 1 0 1 33
5.57972982598622 14 7 1 0 1 1 27
6.73221070646721 16 8 0 1 1 1 30
6.3578422665081 16 9 0 0 1 1 31
5.41610040220442 10 11 1 0 1 1 27
5.45958551414416 12 7 1 0 1 1 25
5.52146091786225 12 8 1 1 1 1 26
5.27811465923052 12 10 0 0 1 1 28
6.16331480403464 12 14 1 0 1 1 32
6.21460809842219 11 9 0 0 1 1 26
5.8111409929767 8 15 1 0 1 1 29
6.11809719804135 10 11 1 0 1 1 27
6.85118492749374 16 3 0 1 1 1 25
5.67332326717149 13 5 0 0 1 1 24
6.25382881157547 16 5 0 0 1 1 27
6.16120732169508 15 7 0 0 1 1 28
5.69035945432406 8 18 0 0 1 1 32
6.04025471127741 12 15 0 1 1 1 33
6.25190388316589 12 8 0 0 1 1 26
5.75574221358691 12 14 0 0 1 1 32
5.92692602597041 12 10 0 0 1 1 28
6.30991827822652 13 6 1 0 1 1 25
6.8501261661455 8 19 0 0 1 1 33
6.16331480403464 16 5 0 1 1 1 27
5.97380961186926 16 5 0 1 1 1 27
6.62007320653036 11 7 0 1 1 1 24
6.19847871649231 13 9 0 1 1 1 28
6.21460809842219 12 10 1 1 1 1 28
5.59098698051086 11 7 1 1 1 1 24
6.16331480403464 12 15 1 1 1 1 33
5.89989735358249 12 13 1 1 1 1 31
5.63835466933375 11 9 1 1 1 1 26
5.52146091786225 14 4 1 1 1 1 24
5.57215403217776 12 15 1 1 1 1 33
6.91968384984741 18 5 0 1 0 1 29
6.72503364216684 17 5 0 1 1 1 28
5.74620319054015 16 2 0 1 0 1 24
6.86901445066571 14 12 0 1 1 1 32
5.84643877505772 9 14 1 1 1 1 29
5.7037824746562 11 8 1 1 1 1 25
5.92692602597041 11 15 1 1 1 1 32
6.21460809842219 14 4 0 1 1 1 24
5.84643877505772 12 7 0 1 1 1 25
5.76519110278484 9 19 1 1 1 1 34
5.99146454710798 11 9 1 1 1 1 26
6.30627528694802 13 8 1 1 1 1 27
5.4380793089232 7 12 1 1 1 1 25
6.03548143252476 12 8 0 0 1 1 26
6.26720054854136 13 10 0 1 1 1 29
6.76272950693188 10 17 0 1 1 1 33
6.25190388316589 13 15 0 1 1 1 34
5.81413053182507 11 12 0 1 1 1 29
6.76272950693188 13 14 0 1 1 1 33
6.25382881157547 8 13 0 0 1 1 27
6.75110146893676 17 4 0 1 1 1 27
5.75574221358691 12 6 0 0 1 1 24
6.72262979485545 18 9 0 1 1 1 33
6.77422388635761 16 9 0 1 1 1 31
7.22548147278229 14 13 0 1 1 1 33
6.11146733950268 16 12 0 1 1 1 34
6.52795791762255 18 10 0 0 1 1 34
6.07534603108868 13 9 0 1 1 1 28
6.81673588059497 13 13 0 1 1 1 32
6.75110146893676 13 14 0 0 1 1 33
6.39692965521615 10 18 0 1 1 1 34
5.54517744447956 12 10 1 1 1 1 28
5.92692602597041 12 11 1 1 1 1 29
6.08904487544685 16 5 1 1 1 1 27
6.00388706710654 13 6 1 1 1 1 25
6.01615715969835 12 14 1 1 1 1 32
5.7037824746562 15 6 0 1 1 1 27
6.5410299991899 16 4 0 1 1 1 26
6.91968384984741 18 6 0 1 0 1 30
6.11368217983223 15 5 1 1 1 0 26
5.96100533962327 12 10 0 1 1 0 28
6.19847871649231 18 3 0 0 1 0 27
5.74620319054015 5 20 0 0 1 0 31
6.3578422665081 14 6 0 1 1 1 26
5.92692602597041 12 6 0 1 1 1 24
6.48463523563525 12 15 0 1 0 1 33
6.56385552653213 16 4 0 1 1 1 26
6.2363695902037 14 6 1 1 1 1 26
6.4377516497364 12 16 0 1 1 1 34
6.13122648948314 14 5 0 1 1 1 25
6.4377516497364 14 13 0 1 1 1 33
6.35437004079735 12 10 1 1 1 1 28
6.21460809842219 12 7 1 1 1 1 25
6.02586597382531 13 8 1 1 0 1 27
6.15485809401642 13 7 1 1 0 1 26
6.25382881157547 12 11 1 1 1 1 29
6.62007320653036 13 8 1 1 0 1 27
6.19440539110467 12 7 1 1 1 1 25
6.05208916892442 18 7 1 1 0 1 31
6.28226674689601 12 14 1 1 1 1 32
6.61338421837956 13 7 0 1 1 0 26
5.99146454710798 12 6 0 1 1 0 24
5.76832099579377 12 10 0 1 1 0 28
6.40687998606931 17 6 0 1 1 0 29
6.33327962813969 11 7 0 1 1 0 24
5.78382518232974 12 9 1 1 1 0 27
6.71052310945243 13 10 0 1 1 0 29
6.69703424766648 12 14 0 1 1 0 32
5.92425579741453 12 8 0 1 1 0 26
5.7037824746562 12 14 0 1 1 0 32
6.4281052726846 12 11 0 1 1 1 29
6.46302945692067 18 8 0 0 1 1 32
6.37161184723186 12 13 0 1 1 1 31
6.3750248198281 12 12 0 1 1 1 30
6.27852142416584 12 6 1 1 1 1 24
5.78382518232974 12 12 1 1 1 1 30
6.48463523563525 13 7 1 1 1 1 26
6.42486902390539 13 6 1 1 1 1 25
6.40025744530882 12 6 1 1 1 1 24
6.30991827822652 16 4 1 1 1 1 26
6.53087762772588 16 3 1 1 1 1 25
6.4377516497364 10 14 1 1 1 1 30
6.08677472691231 11 14 1 1 1 1 31
5.03043792139244 6 21 1 1 1 1 33
6.38856140554563 10 11 1 1 1 1 27
6.13556489108174 11 10 1 1 1 1 27
5.7037824746562 11 9 1 1 1 1 26
6.21460809842219 10 15 1 1 1 1 31
6.00141487796115 10 13 1 1 1 1 29
5.61677109766657 10 16 1 1 1 1 32
5.99146454710798 8 18 1 0 1 1 32
6.39692965521615 18 4 0 0 1 1 28
6.3578422665081 13 8 0 0 1 1 27
5.92692602597041 12 9 0 0 1 1 27
5.71702770140622 12 8 0 0 1 1 26
5.64190707093811 12 10 1 0 1 1 28
5.61677109766657 14 8 1 0 1 1 28
6.45362499889269 12 7 0 0 1 1 25
6.56667242980324 18 1 1 1 0 1 25
6.86589107488344 13 9 1 1 0 1 28
6.46302945692067 16 7 1 0 1 1 29
6.09582456243222 13 5 0 0 1 1 24
5.45958551414416 9 19 1 1 1 1 34
6.16331480403464 15 4 1 1 1 1 25
5.52942908751142 12 8 1 0 1 1 26
6.45362499889269 14 7 0 1 1 1 27
5.96614673912369 13 7 1 0 1 1 26
6.02344759296103 9 18 1 0 1 1 33
5.99146454710798 11 12 1 1 0 1 29
5.66296048013595 8 11 1 0 1 1 25
5.88610403145016 12 7 1 1 1 1 25
6.51174532964473 12 14 0 0 1 1 32
5.97380961186926 10 18 1 1 1 0 34
6.3578422665081 16 4 1 1 1 0 26
5.23644196282995 11 9 1 1 1 0 26
5.65248918026865 5 16 1 1 1 0 27
5.92692602597041 9 19 1 1 1 0 34
6.64639051484773 17 7 0 1 1 0 30
6.32435896238131 17 3 0 1 0 0 26
7.47477218239787 18 4 0 1 0 0 28
6.54391184556479 12 16 0 1 1 0 34
6.19236248947487 10 8 0 0 0 0 24
6.23244801655052 12 6 0 1 1 0 24
6.70686233660275 12 15 0 0 1 0 33
5.61677109766657 7 17 0 0 1 0 30
6.39692965521615 12 12 0 0 1 0 30
6.3578422665081 13 6 0 1 1 1 25
5.4380793089232 14 4 0 1 1 1 24
6.22851100359118 11 9 0 1 0 1 26
6.40687998606931 12 8 0 1 1 1 26
6.70073110954781 12 6 0 1 1 1 24
5.65248918026865 10 9 0 1 1 1 25
6.97354301952014 16 9 0 1 1 1 31
7.39939808333135 14 12 0 1 1 1 32
6.75693238924755 16 8 0 0 1 1 30
6.62804137617953 14 6 0 1 1 1 26
6.62007320653036 15 4 0 1 1 1 25
6.08221891037645 12 14 0 1 1 1 32
7.00850518208228 12 15 0 1 1 1 33
5.67332326717149 17 7 1 1 1 1 30
5.80513496891649 12 8 1 1 0 1 26
6.0330862217988 13 7 0 0 1 1 26
6.4377516497364 13 11 0 1 1 1 30
6.13556489108174 12 9 0 0 1 1 27
5.52146091786225 8 20 0 0 1 1 34
6.25382881157547 18 6 0 0 0 1 30
5.01063529409626 14 8 0 1 1 1 28
5.99146454710798 14 5 0 1 0 1 25
5.95324333428778 18 5 0 0 0 1 29
6.3578422665081 15 13 0 1 0 1 34
6.28785856016178 18 10 0 1 0 1 34
6.68586094706836 17 5 0 1 0 1 28
6.21460809842219 17 1 0 1 0 1 24
6.79570577517351 13 10 0 1 0 1 29
6.4377516497364 14 7 0 1 0 1 27
5.77765232322266 14 8 0 0 0 1 28
6.3578422665081 12 14 0 1 0 1 32
6.05678401322862 12 7 0 1 0 1 25
5.48479693349065 10 15 0 1 0 1 31
6.63068338564237 17 5 0 1 0 1 28
7.59034694560257 16 10 0 1 0 1 32
6.54391184556479 12 14 0 1 0 1 32
6.19644412779452 16 4 0 1 0 1 26
6.33682573114644 16 2 0 1 0 1 24
5.82894561761021 10 14 0 1 0 1 30
5.6970934865054 13 8 0 1 0 1 27
5.73009978297357 13 6 0 1 0 1 25
7.00033446027523 13 5 0 1 0 1 24
6.02344759296103 11 7 0 1 0 1 24
6.40687998606931 12 15 0 1 0 1 33
6.21460809842219 12 7 0 1 0 1 25
6.37842618365159 15 4 0 1 0 1 25
6.4377516497364 13 9 0 1 0 1 28
5.96614673912369 10 9 0 1 0 1 25
6.09356977004514 14 11 0 1 0 1 31
6.56103066589657 13 7 0 1 0 1 26
6.65672652417839 16 5 0 1 0 1 27
6.23441072571837 12 10 1 1 0 1 28
6.0913098820777 17 2 0 1 0 1 25
5.99146454710798 13 7 0 1 0 1 26
7.15070145759253 18 4 0 1 0 1 28
6.00388706710654 12 8 1 1 0 1 26
6.51174532964473 12 10 1 1 0 1 28
5.63478960316925 10 11 1 1 0 1 27
5.85793315448346 10 8 1 1 0 1 24
7.60240133566582 18 6 0 1 0 1 30
6.64509096950564 16 4 0 1 0 1 26
6.76388490856244 16 7 0 1 0 1 29
6.77992190747225 15 11 0 1 0 1 32
6.30991827822652 12 8 0 1 0 1 26
6.41345895716736 14 8 0 1 0 1 28
6.3578422665081 13 6 0 1 0 1 25
4.99721227376411 12 7 1 1 0 1 25
6.71417052990947 16 7 0 1 0 1 29
6.5510803350434 14 6 0 1 0 1 26
6.62007320653036 18 3 0 1 0 1 27
6.5510803350434 17 11 0 0 0 1 34
6.53958595561767 18 8 0 1 0 1 32
5.73009978297357 11 10 1 1 0 1 27
6.76272950693188 17 8 0 0 0 1 31
6.5410299991899 14 4 1 1 0 1 24
6.68461172766793 11 7 1 1 0 1 24
6.51174532964473 14 12 1 1 0 1 32
6.24416690066374 14 5 0 1 1 1 25
6.56807791141198 16 9 0 1 0 1 31
6.73933662735717 13 6 0 1 0 1 25
6.78558764500793 14 5 0 1 0 1 25
6.5410299991899 14 7 0 1 0 1 27
6.74641212857337 12 16 0 1 0 1 34
6.60394382460047 12 11 0 1 0 1 29
6.17586727010576 14 5 0 1 0 1 25
6.67834211465433 16 8 0 1 0 1 30
6.361302477573 13 13 0 0 0 1 32
6.76734312526539 12 16 0 1 0 1 34
6.3578422665081 16 5 0 1 0 1 27
7.23345541862144 17 10 0 1 0 1 33
7.37963215260955 14 11 0 1 0 1 31
6.51471269087253 12 12 1 1 0 1 30
6.13556489108174 18 8 0 1 0 1 32
6.49677499018586 12 11 0 1 0 1 29
6.73933662735717 12 6 0 1 0 1 24
6.48768401848461 12 15 0 0 0 1 33
7.09007683577609 15 6 0 1 0 1 27
6.64639051484773 13 14 0 1 0 1 33
5.52146091786225 12 9 1 1 0 1 27
5.83773044716594 12 6 0 1 0 1 24
7.65681009148038 12 16 0 1 0 1 34
6.93634273583405 18 3 0 1 0 1 27
6.5694814204143 12 7 0 1 0 1 25
6.38856140554563 10 12 0 1 0 1 28
6.72503364216684 15 11 0 1 1 1 32
5.99146454710798 15 7 0 1 0 1 28
6.58063913728495 14 11 1 1 0 1 31
5.11799381241676 12 13 1 1 0 1 31
6.1463292576689 14 7 0 1 0 1 27
6.46614472423762 18 3 0 1 0 1 27
6.39692965521615 13 15 0 1 0 1 34
5.99146454710798 12 6 0 1 0 1 24
6.90775527898214 13 5 0 1 0 1 24
6.50128967054039 14 8 0 1 0 1 28
6.31535800152233 16 2 0 1 0 1 24
6.66568371778241 14 8 0 1 0 1 28
6.50279004591562 15 7 0 1 0 1 28
5.7037824746562 10 9 0 1 0 1 25
6.54678541076052 16 8 0 1 0 1 30
6.08221891037645 14 13 0 0 0 1 33
6.52941883826223 13 6 0 1 0 1 25
6.02586597382531 14 6 0 1 0 1 26
6.62140565176413 12 7 0 1 0 1 25
5.44241771052179 13 7 0 1 0 1 26
6.22455842927536 16 7 0 1 0 1 29
6.39692965521615 16 8 0 0 0 1 30
7.1770187659099 18 9 0 1 0 1 33
6.96413561241824 18 8 0 1 0 1 32
6.44094654063292 15 11 0 1 0 1 32
6.95654544315157 16 11 0 1 0 1 33
6.89060912014717 18 8 0 0 0 1 32
7.15617663748062 18 10 0 1 0 1 34
6.70686233660275 12 8 0 1 0 1 26
6.21460809842219 17 1 0 1 0 1 24
6.5792512120101 12 14 0 1 0 1 32
6.28785856016178 12 11 0 1 0 1 29
6.84374994900622 17 11 0 0 0 1 34
5.7037824746562 11 8 0 1 0 1 25
6.66057514983969 11 15 0 0 0 1 32
6.47697236288968 8 20 0 0 0 1 34
6.9037472575846 18 5 0 1 0 1 29
6.36647044773144 17 5 0 1 0 1 28
5.44241771052179 16 4 0 1 0 1 26
6.289715570909 16 3 0 0 0 1 25
6.4425401664682 15 13 1 1 0 1 34
6.51323011091231 12 10 1 1 0 1 28
5.44241771052179 16 5 0 1 0 1 27
6.57368016696065 18 5 0 1 0 1 29
5.65599181081985 13 5 0 1 0 1 24
6.21460809842219 15 5 0 1 0 1 26
5.74300318780948 16 5 0 1 0 1 27
5.29831736654804 11 8 0 1 0 1 25
7.00850518208228 16 11 0 1 0 1 33
6.36818718635049 12 11 0 1 0 1 29
6.00141487796115 16 8 0 1 0 1 30
6.42648845745769 13 6 0 1 0 1 25
5.62401750618734 16 5 0 1 0 1 27
6.86901445066571 17 2 0 1 1 1 25
6.53958595561767 15 9 0 1 0 1 30
6.33327962813969 12 10 0 1 0 1 28
7.19743535409659 8 19 0 1 0 1 33
6.51174532964473 14 11 0 1 0 1 31
6.75227037614174 16 10 0 0 0 1 32
5.56068163101553 16 10 0 1 0 1 32
6.35437004079735 15 7 0 1 0 1 28
6.4393503711001 13 5 0 1 0 1 24
7.27447955877387 12 14 0 1 0 1 32
5.8171111599632 14 8 0 0 0 1 28
6.3578422665081 12 9 0 1 0 1 27
6.17378610390194 13 5 0 1 0 1 24
5.52146091786225 15 7 0 1 0 1 28
6.17170059741091 11 7 0 1 0 1 24
6.94505106372583 15 13 0 1 0 1 34
6.99393297522319 18 9 0 1 0 1 33
6.13556489108174 18 2 0 1 0 1 26
6.4377516497364 12 14 0 0 0 1 32
6.70563909486 16 3 0 1 0 1 25
5.88887795833288 14 8 0 1 0 1 28
5.76832099579377 12 9 0 1 0 1 27
5.84932477994686 16 10 0 1 0 1 32
6.75809450442773 12 12 0 1 0 0 30
5.64190707093811 10 10 0 1 0 0 26
6.54965074223381 12 6 0 1 0 0 24
6.42162226780652 12 6 0 1 0 0 24
6.07073772800249 11 8 0 0 0 0 25
6.2803958389602 16 3 0 1 0 1 25
6.4377516497364 16 4 0 1 0 1 26
6.3578422665081 18 2 0 1 0 1 26
6.73696695800186 12 6 0 1 0 1 24
6.00141487796115 16 4 0 1 0 1 26
6.31535800152233 15 11 0 1 0 1 32
6.92165818415113 18 7 0 1 0 1 31
5.78382518232974 16 7 0 1 0 1 29
6.64768837356333 15 9 0 1 0 1 30
6.5510803350434 14 4 0 1 0 1 24
6.30627528694802 17 1 0 1 0 1 24
6.4377516497364 16 4 0 1 0 1 26
6.81454289725996 16 6 0 1 0 1 28
6.61338421837956 12 15 0 1 0 1 33
6.51323011091231 12 6 0 0 0 1 24
6.70563909486 16 6 0 0 0 0 28
6.64639051484773 15 4 0 1 0 1 25
6.58892647753352 15 6 0 1 0 1 27
6.50128967054039 12 6 0 1 0 1 24
6.53378883793334 14 7 0 1 0 1 27
6.32793678372919 14 6 0 1 0 1 26
6.21460809842219 16 6 0 1 0 1 28
6.50727771238501 14 8 0 1 0 1 28
6.86901445066571 12 16 0 1 0 1 34
6.5875500148248 16 6 0 1 0 1 28
6.86901445066571 16 11 0 1 0 1 33
6.42162226780652 17 10 0 1 0 1 33
7.05098944706805 13 13 0 1 0 1 32
6.51471269087253 13 10 0 1 0 1 29
6.04500531403601 12 8 0 1 0 1 26
6.96885037834195 12 7 0 1 0 1 25
7.06902342657826 18 9 0 1 0 1 33
6.74758652682932 15 6 0 1 0 1 27
6.41345895716736 12 6 0 1 0 1 24
6.04737217904628 18 9 0 1 0 1 33
7.09007683577609 12 11 0 1 0 1 29
6.93634273583405 14 14 0 1 0 1 34
6.30991827822652 14 8 0 1 0 1 28
6.68586094706836 15 10 0 1 0 1 31
6.29710931993394 12 13 0 1 0 1 31
5.85793315448346 9 16 0 1 0 1 31
6.62007320653036 14 12 0 1 0 1 32
6.10924758276437 14 14 0 1 0 1 34
6.39692965521615 14 4 0 1 0 1 24
6.75110146893676 12 15 0 1 0 1 33
6.59030104819669 14 6 0 1 0 1 26
6.5410299991899 12 16 0 1 0 1 34
6.93244789157251 10 11 0 1 0 1 27
7.05098944706805 14 8 0 1 0 1 28
6.89060912014717 16 10 0 1 0 1 32
6.58892647753352 15 13 0 1 0 1 34
6.28226674689601 14 14 0 1 0 1 34
6.27664348934164 12 7 0 1 0 1 25
5.66642668811243 13 7 0 1 0 1 26
5.74620319054015 17 3 0 1 0 1 26
6.00141487796115 13 5 0 1 0 1 24
7.00306545878646 18 6 0 1 0 1 30
6.49223983502047 12 9 0 1 0 1 27
6.07073772800249 12 14 0 1 0 1 32
5.99146454710798 17 4 0 1 1 1 27
5.57215403217776 15 5 0 1 0 1 26
5.99146454710798 13 15 0 1 0 1 34
6.3578422665081 16 12 0 0 0 1 34
6.07073772800249 12 6 0 1 0 1 24
6.1527326947041 17 2 0 1 0 1 25
5.54126354515843 17 2 0 1 0 1 25
6.4377516497364 12 8 0 0 0 1 26
6.50727771238501 13 15 0 1 0 1 34
6.9555926083963 12 12 0 1 0 1 30
7.5207764150628 17 11 0 1 0 1 34
6.64509096950564 15 12 0 1 0 1 33
6.53378883793334 11 17 1 1 0 1 34
6.47697236288968 15 3 0 1 0 1 24
6.17170059741091 16 4 0 0 0 1 26
5.83188247728352 16 2 0 0 0 0 24
6.80903930604298 14 12 0 1 0 0 32
5.86078622346587 12 15 0 0 0 0 33
6.65286302935335 12 11 0 1 0 0 29
6.5510803350434 12 8 0 1 0 0 26
6.38350663488401 16 4 0 0 0 0 26
6.60665018619822 12 6 0 0 0 0 24
6.27852142416584 12 9 0 0 0 0 27
6.0330862217988 16 3 0 1 0 0 25
7.23993259132047 18 10 0 1 0 0 34
6.30627528694802 12 16 0 0 0 0 34
6.48768401848461 11 7 0 0 0 1 24
6.3491389913798 12 7 0 0 0 1 25
6.43615036836943 13 10 0 0 0 1 29
6.0913098820777 16 9 0 1 0 1 31
6.3578422665081 15 6 0 0 0 1 27
6.29156913955832 13 8 0 0 0 1 27
6.73459165997295 15 9 0 0 0 1 30
6.58479139238572 14 9 0 1 0 0 29
6.32256523992728 13 7 0 1 0 0 26
5.8111409929767 13 5 0 0 0 0 24
6.23441072571837 15 3 0 1 1 0 24
6.3578422665081 12 13 0 1 0 0 31
6.2363695902037 12 11 0 1 0 0 29
5.73979291217923 15 4 0 1 0 1 25
6.3578422665081 12 16 0 1 0 1 34
6.50727771238501 12 16 0 1 0 1 34
6.44730586254121 12 9 0 1 0 1 27
6.50128967054039 16 3 0 1 0 1 25
5.99146454710798 14 7 0 1 0 1 27
5.39362754635236 11 7 0 0 0 1 24
6.3578422665081 13 11 0 1 0 1 30
6.04737217904628 13 10 0 1 0 1 29
6.4723462945009 16 5 0 1 0 1 27
5.84354441703136 15 7 0 1 0 1 28
6.73340189183736 16 3 0 1 1 1 25
6.4377516497364 15 4 0 1 0 1 25
6.90775527898214 9 15 0 1 0 1 30
6.82328612235569 16 9 0 1 0 1 31
6.59304453414244 12 13 0 1 0 1 31
6.10479323241498 12 6 0 1 1 1 24
6.18001665365257 14 9 0 1 0 1 29
6.01859321449623 12 7 0 1 0 1 25
6.78558764500793 14 10 0 1 0 1 30
5.85793315448346 14 7 0 1 0 0 27
6.21460809842219 17 4 0 0 0 0 27
6.59714570188665 15 12 0 1 0 0 33
6.12905021006055 13 11 0 1 0 0 30
6.58063913728495 16 6 0 1 0 0 28
6.54965074223381 15 11 0 1 1 0 32
6.66568371778241 14 10 0 1 0 0 30
6.82979373751242 16 7 0 1 0 0 29
6.10702288774225 14 6 0 1 0 0 26
5.78382518232974 15 3 0 0 0 0 24
6.52649485957079 13 13 0 0 0 0 32
6.25766758788264 16 10 0 1 0 0 32
6.1527326947041 18 4 0 1 0 0 28
6.29341927884648 12 16 0 0 0 0 34
6.74758652682932 14 9 0 0 0 0 29
5.99146454710798 12 12 0 0 0 0 30
6.30444880242198 18 3 0 0 0 0 27
6.3578422665081 16 10 0 0 0 0 32
5.7037824746562 11 7 0 0 0 0 24
6.97354301952014 16 10 0 0 0 0 32
6.58063913728495 12 14 0 0 0 0 32
6.51174532964473 17 8 0 1 0 0 31
6.6052979209482 17 4 0 1 1 0 27
7.29844510150815 12 8 0 1 0 0 26
6.77422388635761 17 4 0 0 0 0 27
6.80239476332431 12 15 0 0 0 0 33
6.68586094706836 13 12 0 0 0 0 31
6.30991827822652 13 7 0 0 0 0 26
6.35437004079735 10 18 0 0 0 0 34
6.29156913955832 12 9 0 0 0 0 27
6.67203294546107 16 10 0 1 0 0 32
6.5410299991899 14 8 0 0 0 0 28
5.52146091786225 16 4 0 0 0 0 26
6.0330862217988 17 1 0 1 0 0 24
6.45362499889269 9 17 0 0 0 0 32
6.02344759296103 12 14 0 1 0 0 32
5.7037824746562 12 7 0 0 0 0 25
6.34035930372775 17 3 0 1 0 0 26
6.46302945692067 16 10 0 0 0 0 32
5.87493073085203 13 10 0 0 0 0 29
5.99146454710798 12 15 0 0 0 0 33
6.02344759296103 12 13 0 0 0 0 31
6.27476202124194 14 13 0 0 0 0 33
6.45362499889269 16 7 0 0 0 0 29
4.969813299576 14 7 0 0 0 0 27
6.30991827822652 14 11 0 0 0 0 31
6.18620862390049 12 14 0 0 0 0 32
6.39359075395063 17 8 0 1 0 0 31
6.13556489108174 14 6 0 1 1 0 26
6.69950034016168 16 4 0 0 0 0 26
6.4377516497364 12 7 0 0 0 0 25
6.94985645500077 12 13 0 0 0 0 31
6.68461172766793 16 5 0 1 0 0 27
6.69950034016168 16 5 0 1 0 0 27
6.07073772800249 17 3 0 1 0 0 26
6.62140565176413 17 5 0 1 0 0 28
5.68357976733868 14 6 0 1 0 0 26
6.05678401322862 12 7 0 1 0 1 25
6.5510803350434 12 15 0 1 0 1 33
5.64897423816121 16 3 0 1 0 1 25
6.29526600143965 14 7 0 0 0 1 27
6.17378610390194 12 7 0 1 0 1 25
5.93489419561959 16 4 0 1 0 1 26
6.23048144757848 16 8 0 1 0 1 30
6.21460809842219 12 7 0 1 0 1 25
6.58340922215876 12 15 0 1 0 1 33
5.39362754635236 12 7 0 0 0 1 25
6.16331480403464 15 3 0 0 0 1 24
7.09174211509515 13 7 0 1 0 1 26
5.99146454710798 13 5 0 0 0 1 24
6.39859493453521 16 7 0 1 0 1 29
6.17586727010576 12 11 0 0 0 1 29
6.5510803350434 16 11 0 0 0 1 33
6.64509096950564 12 9 0 1 1 1 27
6.2709884318583 14 5 0 1 1 1 25
6.10924758276437 16 8 0 1 1 1 30
6.33327962813969 10 18 0 1 1 1 34
6.47543271670409 13 13 0 1 1 1 32
6.1527326947041 8 18 0 1 1 1 32
5.61677109766657 16 2 0 1 1 1 24
6.57786135772105 16 11 0 1 1 1 33
6.98656645940643 12 15 0 1 1 1 33
6.51174532964473 16 12 0 1 1 1 34
5.85793315448346 18 0 0 0 1 0 24
6.64509096950564 14 8 1 1 1 0 28
6.47697236288968 12 8 1 0 1 0 26
6.62140565176413 9 15 0 0 1 0 30
5.87493073085203 10 11 0 0 1 0 27
5.52146091786225 9 9 0 0 1 0 24
5.99396142730657 12 10 0 0 1 0 28
6.05208916892442 11 8 0 0 1 0 25
5.65948221575962 9 10 0 0 1 0 25
5.73334127689775 13 7 1 0 1 0 26
6.35957386867238 14 4 1 1 0 0 24
6.08221891037645 16 8 1 0 1 0 30
6.10924758276437 12 13 0 0 1 0 31
5.15329159449778 17 5 0 1 1 0 28
6.2709884318583 16 5 1 1 0 0 27
6.1779441140506 12 12 1 0 1 0 30
6.72503364216684 12 9 1 1 0 0 27
5.56068163101553 12 16 1 0 1 0 34
5.63121178182137 12 7 1 0 1 0 25
5.85793315448346 13 6 1 0 1 0 25
4.97673374242057 11 7 0 0 1 0 24
5.4380793089232 10 11 1 0 1 0 27
6.10924758276437 15 3 1 1 0 0 24
5.95324333428778 16 3 0 1 1 0 25
6.70563909486 17 11 0 1 1 0 34
6.86901445066571 16 8 0 0 1 0 30
6.01126717440416 13 9 0 0 1 0 28
6.26530121273771 16 3 0 1 1 0 25
6.35957386867238 13 5 0 1 0 0 24
6.42971947803914 14 8 0 0 1 0 28
5.4380793089232 12 7 0 1 1 1 25
6.36302810354046 11 13 1 1 1 1 30
7.05185562295589 18 8 0 1 1 1 32
5.94017125272043 12 10 1 1 1 1 28
6.42324696353352 16 5 1 1 1 1 27
6.10924758276437 12 10 1 1 1 1 28
6.05208916892442 12 7 1 1 1 1 25
6.21460809842219 12 10 1 1 1 1 28
6.5694814204143 12 7 0 1 1 1 25
6.62007320653036 12 7 0 1 1 1 25
5.77765232322266 15 3 0 1 1 1 24
6.94505106372583 13 9 0 1 1 1 28
6.19644412779452 16 3 0 1 1 1 25
6.26339826259162 13 10 0 1 1 1 29
5.96100533962327 11 12 1 1 1 1 29
6.13122648948314 10 10 1 1 1 1 26
5.99146454710798 15 3 1 1 1 1 24
6.60258789218934 15 6 1 1 1 1 27
6.39526159811545 14 6 1 1 1 1 26
7.03085747611612 18 9 1 0 1 0 33
6.39859493453521 14 5 1 1 1 1 25
5.6970934865054 10 10 1 1 1 1 26
5.45958551414416 12 9 1 1 1 1 27
5.39362754635236 13 6 1 1 1 1 25
6.54678541076052 8 12 1 1 1 1 26
6.29526600143965 9 9 1 1 1 1 24
5.52146091786225 12 7 1 1 1 1 25
5.99146454710798 16 4 0 1 1 1 26
6.04737217904628 15 10 0 1 1 1 31
5.66988092298052 12 7 0 1 1 1 25
5.50938833662798 10 17 1 1 1 1 33
5.94017125272043 13 7 1 1 1 1 26
6.48616078894409 12 6 0 1 1 1 24
6.56667242980324 12 14 0 1 1 1 32
6.17586727010576 14 9 0 1 1 1 29
6.46302945692067 16 3 0 1 1 1 25
6.39024066706535 12 14 0 1 1 1 32
6.35957386867238 7 18 0 1 1 1 31
6.5191472879404 16 8 0 1 1 0 30
7.33823815006559 16 10 0 1 1 0 32
6.75693238924755 12 15 0 1 1 0 33
6.2803958389602 18 8 0 1 1 0 32
5.73009978297357 12 9 0 1 1 0 27
6.39692965521615 14 9 0 0 1 0 29
6.4377516497364 8 17 0 0 1 0 31
6.29156913955832 13 10 0 1 1 0 29
5.8406416573734 13 8 0 0 1 0 27
6.21460809842219 12 7 0 0 1 0 25
5.76832099579377 11 9 1 1 0 0 26
5.93489419561959 18 3 1 0 1 0 27
5.23644196282995 15 4 1 0 1 0 25
5.12396397940326 9 18 1 0 1 0 33
5.52146091786225 2 17 1 0 1 0 25
5.24702407216049 3 15 1 0 1 0 24
6.90775527898214 12 10 1 1 0 0 28
6.33505425149806 12 6 1 0 1 0 24
6.43615036836943 9 9 1 0 1 0 24
6.57088296233958 12 6 1 1 1 0 24
6.28785856016178 12 6 0 0 1 0 24
5.87211778947542 13 7 1 0 1 0 26
5.48063892334199 12 6 1 0 1 0 24
6.03548143252476 12 6 0 0 1 0 24
6.93342302573071 13 8 0 0 1 1 27
5.68697535633982 17 9 0 0 1 1 32
6.30991827822652 12 8 1 1 1 1 26
6.28785856016178 12 9 1 1 1 1 27
5.85793315448346 5 19 0 0 1 1 30
6.56667242980324 12 9 0 0 1 1 27
5.43372200355424 12 11 1 0 1 1 29
5.39362754635236 12 9 1 0 1 1 27
5.73657229747919 12 11 1 0 1 1 29
5.76832099579377 12 6 1 1 0 1 24
5.71373280550937 12 9 1 0 1 1 27
6.10924758276437 13 7 0 0 1 1 26
6.62406522779989 12 11 1 1 1 1 29
6.08221891037645 12 8 0 0 1 1 26
5.78382518232974 11 11 1 0 1 1 28
6.74051935960622 16 10 0 0 1 1 32
5.74620319054015 14 6 0 0 1 1 26
6.17170059741091 13 15 0 1 1 1 34
6.06145691892802 12 13 0 1 1 1 31
6.19440539110467 14 9 0 1 1 1 29
5.88887795833288 12 6 0 1 1 1 24
5.99146454710798 14 13 0 1 1 1 33
6.04737217904628 12 6 1 1 1 1 24
5.73979291217923 12 9 1 0 1 1 27
5.6021188208797 11 10 1 0 1 1 27
5.95324333428778 18 2 1 1 1 1 26
6.2709884318583 16 2 1 1 1 1 24
6.5510803350434 11 14 0 0 1 1 31
5.9427993751267 10 16 0 0 1 1 32
6.14203740558736 12 10 0 0 1 1 28
5.99146454710798 10 18 0 0 1 1 34
6.12029741895095 10 17 0 0 1 1 33
5.56068163101553 12 6 1 0 1 0 24
6.55819780281227 13 9 1 1 0 0 28
6.0330862217988 13 11 0 0 1 0 30
5.52146091786225 11 10 1 0 1 0 27
6.13122648948314 12 6 1 0 1 0 24
5.78382518232974 8 12 1 0 1 0 26
5.61677109766657 9 10 1 0 1 0 25
5.78382518232974 12 8 1 0 1 0 26
5.7037824746562 15 4 1 1 0 0 25
5.52146091786225 8 17 1 0 1 0 31
5.66296048013595 12 10 0 0 1 0 28
6.30991827822652 13 9 1 1 1 0 28
6.06145691892802 12 15 0 0 1 0 33
5.92692602597041 8 16 1 1 1 0 30
6.3578422665081 9 15 0 0 1 0 30
6.27476202124194 13 6 0 0 1 0 25
5.52146091786225 12 6 0 1 1 0 24
6.08677472691231 12 9 0 0 1 0 27
6.12468339089421 12 8 0 0 1 0 26
6.08221891037645 12 9 0 0 1 0 27
6.30991827822652 12 9 1 0 1 0 27
6.47697236288968 16 3 0 1 1 0 25
6.04737217904628 11 9 0 0 1 0 26
6.04025471127741 13 8 0 1 1 0 27
5.29831736654804 14 5 0 1 1 0 25
5.99146454710798 8 12 0 0 1 0 26
5.7037824746562 9 9 0 1 1 0 24
6.57088296233958 12 12 0 1 1 0 30
5.98645200528444 12 7 0 0 1 0 25
5.98645200528444 9 14 0 0 1 0 29
6.59850902861452 16 6 0 1 1 0 28
6.53378883793334 12 7 0 0 1 0 25
5.35658627467201 6 16 0 0 1 0 28
6.12029741895095 12 13 0 0 1 0 31
5.85793315448346 15 3 0 1 1 0 24
6.3578422665081 16 6 0 0 1 0 28
6.54965074223381 16 9 0 0 0 0 31
5.92692602597041 16 5 0 0 1 0 27
5.92692602597041 13 5 0 0 1 0 24
5.89715386763674 12 15 0 0 1 0 33
5.39362754635236 12 11 1 1 1 0 29
6.43133108193348 16 9 1 1 1 0 31
5.92692602597041 11 14 1 0 1 0 31
5.83188247728352 16 4 1 0 1 0 26
5.94017125272043 16 2 1 0 1 0 24
5.56068163101553 11 15 0 1 1 0 32
6.19236248947487 8 16 1 1 1 0 30
6.07073772800249 11 9 1 1 1 0 26
5.89989735358249 11 10 1 1 1 0 27
5.54907608489522 14 13 1 1 1 0 33
6.24027584517077 14 6 0 1 1 0 26
5.66296048013595 15 10 0 1 1 0 31
6.76388490856244 18 6 0 1 1 0 30
6.07073772800249 12 7 0 1 1 0 25
6.21460809842219 1 22 0 1 1 0 29
6.30627528694802 16 2 0 1 1 0 24
5.99146454710798 12 11 0 1 1 0 29
6.07073772800249 9 15 0 1 1 0 30
5.92692602597041 13 5 0 0 1 0 24
6.30444880242198 12 14 0 1 1 0 32
5.92692602597041 12 6 0 0 1 0 24
6.21460809842219 14 5 0 0 1 0 25
5.87211778947542 16 2 0 0 1 0 24
6.39692965521615 12 11 0 1 0 0 29
6.47697236288968 12 16 0 1 1 0 34
6.7428806357919 12 14 0 1 1 0 32
5.78382518232974 12 9 0 1 1 0 27
5.66642668811243 12 15 1 0 1 1 33
6.12468339089421 14 4 1 0 1 1 24
6.56667242980324 14 9 1 1 1 1 29
6.02344759296103 13 15 0 0 1 1 34
6.47543271670409 16 3 1 1 1 1 25
6.45047042214418 13 7 0 1 1 1 26
6.58063913728495 16 6 0 0 1 1 28
6.81673588059497 12 14 0 1 1 1 32
5.92692602597041 13 7 0 0 1 1 26
6.38350663488401 18 3 0 1 1 1 27
6.63856778916652 16 10 0 0 1 0 32
6.21460809842219 12 8 0 0 1 0 26
5.61677109766657 11 8 1 1 0 0 25
5.56068163101553 10 8 1 1 0 0 24
6.86901445066571 16 6 0 0 1 0 28
6.4377516497364 12 10 1 0 1 0 28
5.80814248998044 12 8 1 0 1 0 26
6.4377516497364 12 11 1 0 1 0 29
5.52146091786225 10 8 1 0 1 0 24
5.88332238848828 12 16 1 0 1 0 34
6.30991827822652 12 16 1 0 1 0 34
5.99893656194668 12 6 1 0 1 0 24
6.13772705408623 11 9 1 1 0 0 26
5.98141421125448 12 6 1 0 1 0 24
5.62762111369064 12 6 1 0 1 0 24
5.99146454710798 14 7 1 0 1 0 27
6.0282785202307 16 2 1 0 1 0 24
6.13556489108174 12 15 1 0 1 0 33
7.27378631784489 18 9 0 0 1 0 33
4.8283137373023 4 17 1 0 1 0 27
5.29831736654804 10 18 1 0 1 0 34
5.7037824746562 10 15 1 0 1 0 31
6.25575004175337 10 16 1 0 1 0 32
5.5834963087817 13 6 1 1 1 0 25
5.78382518232974 11 9 1 0 1 0 26
5.85793315448346 9 15 1 1 1 0 30
5.82894561761021 9 19 1 0 1 0 34
6.4377516497364 13 6 1 0 1 0 25
5.36597601502185 10 13 0 0 1 0 29
6.53378883793334 12 10 0 0 1 0 28
5.61677109766657 8 18 0 1 1 0 32
6.12468339089421 10 16 0 0 1 0 32
6.42162226780652 12 8 1 1 1 0 26
6.59578051396131 16 3 1 1 0 0 25
5.09375020080676 12 8 1 0 1 0 26
5.56068163101553 8 10 1 0 1 0 24
6.19847871649231 11 10 0 0 1 0 27
6.35437004079735 12 8 1 1 0 0 26
6.23441072571837 12 7 1 1 0 0 25
6.33682573114644 8 12 1 1 1 0 26
6.24416690066374 9 14 1 0 1 0 29
6.15485809401642 8 11 1 1 0 0 25
5.81413053182507 13 8 1 0 1 0 27
6.17586727010576 12 10 1 0 1 0 28
6.46458830368996 12 8 1 0 1 0 26
6.35088571671474 10 9 1 0 1 0 25
5.75257263882563 6 20 1 0 1 0 32
5.88610403145016 11 13 1 1 1 0 30
5.82600010738045 12 7 1 1 1 0 25
5.99146454710798 13 7 0 0 1 0 26
5.7037824746562 15 3 0 0 1 0 24
6.36302810354046 10 18 0 0 1 0 34
5.77144112313002 14 4 0 0 1 0 24
6.16331480403464 12 8 1 1 0 0 26
6.09807428216624 7 12 1 1 0 0 25
5.7037824746562 6 13 1 0 1 0 25
5.52942908751142 10 11 1 0 1 0 27
6.03787091992214 12 7 1 0 1 0 25
5.75890177387728 6 22 1 0 1 0 34
6.31535800152233 16 7 0 0 1 0 29
6.58063913728495 18 7 0 0 1 0 31
6.59167373200866 13 6 0 0 1 0 25
5.74939298590825 12 7 0 1 1 0 25
5.39362754635236 9 12 0 0 1 0 27
5.45958551414416 8 11 1 0 1 1 25
5.80814248998044 9 12 1 0 1 1 27
5.80814248998044 11 9 1 0 1 1 26
5.80814248998044 11 13 1 0 1 1 30
5.94017125272043 12 10 1 0 1 1 28
5.96614673912369 12 8 1 0 1 1 26
5.52146091786225 5 23 1 0 1 1 34
6.51174532964473 17 4 1 1 1 1 27
6.18001665365257 16 4 1 1 1 1 26
6.64509096950564 16 3 1 1 1 1 25
5.78382518232974 4 15 1 1 1 1 25
6.14203740558736 11 13 1 0 1 1 30
5.85793315448346 14 4 0 0 1 1 24
5.92692602597041 12 8 1 1 1 1 26
5.7037824746562 5 16 0 0 1 1 27
6.16331480403464 16 3 1 1 1 1 25
6.26909628370626 12 9 1 1 0 1 27
6.24027584517077 10 10 1 0 1 1 26
6.09807428216624 12 9 1 1 0 1 27
5.57972982598622 11 12 1 0 1 1 29
5.56068163101553 12 9 1 0 1 1 27
5.76205138278018 9 9 1 1 1 1 24
6.4393503711001 12 8 0 0 1 0 26
5.99146454710798 11 8 0 0 1 0 25
5.93489419561959 14 4 0 1 1 0 24
6.68835471394676 16 7 0 0 1 0 29
6.10255859461357 16 3 0 0 1 0 25
5.76519110278484 15 7 0 0 1 0 28
5.99396142730657 8 16 0 0 1 0 30
6.08221891037645 9 12 0 1 1 0 27
6.0330862217988 10 8 0 1 1 0 24
5.92692602597041 10 9 0 0 1 0 25
6.42324696353352 16 8 0 1 1 0 30
5.86929691313377 12 10 0 1 1 0 28
6.05208916892442 18 4 0 1 1 0 28
5.57972982598622 12 8 0 0 1 0 26
6.05443934626937 14 4 0 1 1 0 24
5.52146091786225 12 7 0 0 1 0 25
6.32793678372919 17 2 0 1 1 0 25
5.66642668811243 12 11 0 0 1 0 29
5.97380961186926 16 4 0 0 1 0 26
6.3578422665081 12 8 0 1 1 0 26
5.84643877505772 17 9 0 0 1 0 32
7.15617663748062 16 6 0 1 1 0 28
6.76272950693188 17 5 0 1 0 1 28
6.02344759296103 14 4 0 1 1 1 24
5.41610040220442 6 17 0 1 0 1 29
6.00141487796115 14 7 0 1 0 1 27
6.58063913728495 12 13 0 1 1 1 31
6.3578422665081 12 12 0 1 1 1 30
6.21460809842219 12 8 0 0 1 1 26
5.52146091786225 12 11 0 0 1 1 29
5.04342511691925 12 8 0 0 1 1 26
6.00635315960173 12 9 0 0 1 1 27
5.85793315448346 12 15 1 1 1 0 33
6.13556489108174 12 8 1 1 1 0 26
6.21460809842219 10 18 0 1 1 0 34
6.74051935960622 16 8 0 1 1 0 30
6.3578422665081 12 11 0 1 1 0 29
5.99146454710798 16 6 0 1 1 0 28
6.60800062529609 11 17 0 0 0 0 34
5.85793315448346 14 5 0 1 1 0 25
6.08221891037645 12 8 0 1 1 0 26
6.58892647753352 13 6 0 1 1 0 25
6.87729607149743 11 8 0 1 1 0 25
6.62140565176413 16 8 0 1 1 0 30
6.3578422665081 18 6 0 1 1 0 30
6.00141487796115 16 8 0 0 1 0 30
6.42324696353352 12 12 0 0 1 0 30
5.4380793089232 16 3 0 0 1 0 25
4.95582705760126 12 6 0 0 1 0 24
5.95324333428778 18 6 0 0 1 0 30
5.95324333428778 12 9 0 1 1 0 27
6.04500531403601 12 6 0 0 1 0 24
6.47697236288968 12 9 1 0 0 0 27
5.4380793089232 8 16 1 0 1 0 30
6.51025834052315 15 9 0 0 1 0 30
5.86929691313377 18 3 1 1 1 0 27
5.52146091786225 13 7 1 0 1 0 26
5.7037824746562 11 14 1 0 1 0 31
5.99146454710798 12 6 1 0 1 0 24
5.7037824746562 7 21 1 0 1 0 34
6.13122648948314 13 8 1 0 1 0 27
6.06842558824411 12 9 1 1 0 0 27
5.52146091786225 11 9 1 0 1 0 26
5.75257263882563 5 17 0 1 1 0 28
6.4377516497364 12 10 0 0 1 0 28
6.21460809842219 10 10 0 0 1 0 26
5.80211837537706 12 9 0 0 1 0 27
6.37161184723186 12 10 0 0 1 0 28
5.76832099579377 13 9 1 0 1 0 28
5.7037824746562 11 11 1 0 1 0 28
6.60394382460047 16 10 0 0 1 0 32
5.95324333428778 12 12 1 0 1 0 30
6.46302945692067 13 7 1 0 1 0 26
5.78382518232974 5 21 1 0 1 0 32
6.00635315960173 12 6 1 0 1 0 24
5.7037824746562 6 20 1 0 1 0 32
5.17048399503815 7 16 1 0 1 0 29
6.10924758276437 11 10 1 0 1 0 27
5.67675380226828 10 8 1 0 1 0 24
6.68586094706836 12 9 0 0 1 0 27
5.92692602597041 9 12 1 0 1 0 27
5.4380793089232 10 8 1 0 1 0 24
6.28226674689601 13 14 1 0 1 0 33
6.04500531403601 7 18 1 0 1 0 31
5.88887795833288 10 11 0 0 1 0 27
5.7037824746562 9 12 0 0 1 0 27
6.32435896238131 12 10 0 0 1 0 28
6.1527326947041 16 6 1 0 1 0 28
6.18620862390049 12 16 0 0 1 0 34
6.39692965521615 12 8 0 0 1 0 26
5.89440283426485 11 17 1 0 1 0 34
5.29831736654804 10 8 1 1 1 0 24
4.95582705760126 8 16 1 0 1 0 30
6.10479323241498 12 15 0 0 1 0 33
5.7037824746562 11 12 1 0 1 0 29
6.55961523749324 12 13 0 1 0 0 31
6.2803958389602 12 8 0 1 0 0 26
5.56068163101553 13 10 1 0 1 0 29
6.51471269087253 12 8 1 1 0 0 26
5.56068163101553 7 18 1 0 1 0 31
5.7037824746562 10 18 1 0 1 0 34
7.10249935577465 16 5 0 1 1 0 27
6.3578422665081 17 5 0 0 1 0 28
5.52146091786225 14 7 1 0 1 0 27
5.97635090929793 10 14 1 1 0 0 30
5.61677109766657 8 10 1 0 1 0 24
5.41610040220442 9 17 1 0 1 0 32
5.61677109766657 7 12 1 0 1 0 25
5.87493073085203 9 15 1 0 1 0 30
6.78558764500793 12 7 1 1 0 0 25
5.25749537202778 16 2 1 1 1 0 24
6.04025471127741 7 16 1 0 1 0 29
5.92692602597041 7 20 1 0 1 0 33
5.89715386763674 7 18 1 0 1 0 31
5.99146454710798 12 8 0 0 1 0 26
5.8664680569333 12 8 1 1 1 0 26
5.7037824746562 13 10 0 0 1 0 29
6.03068526026126 15 4 0 1 1 0 25
6.39692965521615 11 9 1 0 1 0 26
6.880384082186 13 10 1 1 0 0 29
5.4380793089232 5 18 1 0 1 0 29
5.73979291217923 12 9 1 0 1 0 27
5.61312810638807 8 17 1 0 1 0 31
5.99146454710798 11 10 1 1 0 0 27
5.29831736654804 8 12 1 0 1 0 26
6.07534603108868 13 7 1 0 1 0 26
5.4380793089232 6 17 1 0 1 0 29
6.59441345974978 6 18 1 1 0 0 30
5.59842195899838 10 17 1 0 1 0 33
5.17048399503815 8 12 1 0 1 0 26
5.52146091786225 12 7 1 0 1 0 25
5.80814248998044 10 14 1 0 1 0 30
6.08221891037645 12 7 1 1 0 0 25
6.0591231955818 16 4 1 1 1 0 26
6.60665018619822 16 7 0 1 1 0 29
6.5510803350434 12 8 1 1 0 0 26
5.50125821054473 12 6 1 0 1 0 24
5.4380793089232 12 8 1 0 1 0 26
5.60947179518496 15 8 1 0 1 0 29
6.44888939414686 14 8 1 1 0 0 28
5.66642668811243 16 3 1 1 0 0 25
5.7037824746562 8 18 1 0 1 0 32
5.4380793089232 10 13 1 0 1 0 29
5.97888576490112 8 16 1 0 1 0 30
6.3491389913798 9 9 1 0 1 0 24
6.4377516497364 17 7 1 1 0 0 30
6.30991827822652 16 3 1 1 0 0 25
5.52146091786225 9 11 1 0 1 0 26
5.89440283426485 8 13 0 0 1 0 27
4.60517018598809 14 14 1 0 1 0 34
5.85793315448346 12 15 1 1 0 0 33
5.66988092298052 10 9 1 0 1 0 25
5.52146091786225 4 22 1 0 1 0 32
6.72503364216684 8 19 1 1 1 0 33
6.07534603108868 10 9 1 1 1 0 25
5.80814248998044 12 9 1 1 0 0 27
5.72358510195238 12 8 0 0 1 0 26
6.35088571671474 18 9 0 0 1 0 33
5.66296048013595 12 7 0 1 1 0 25
6.13772705408623 12 10 1 1 1 0 28
5.96357934361845 12 16 0 0 1 0 34
7.00850518208228 16 10 0 0 1 0 32
5.50125821054473 16 2 0 1 1 0 24
5.8805329864007 12 7 0 1 1 0 25
5.87773578177964 8 20 0 1 1 0 34
5.99146454710798 12 12 1 0 1 0 30
5.7037824746562 10 9 0 0 1 0 25
6.31535800152233 16 5 0 1 1 0 27
5.7037824746562 8 17 0 0 1 0 31
6.10924758276437 7 17 0 1 1 0 30
6.0137151560428 12 7 0 0 1 0 25
5.52146091786225 14 4 0 1 1 0 24
5.82008293035236 16 2 0 1 1 0 24
5.63478960316925 16 2 0 1 1 0 24
6.25958146406492 13 5 0 1 1 0 24
6.24027584517077 16 4 0 1 1 0 26
6.53813982376767 14 11 0 1 1 0 31
6.05208916892442 16 5 0 0 0 0 27
5.88887795833288 13 5 0 1 1 0 24
6.29526600143965 12 6 0 0 0 0 24
6.64509096950564 12 14 0 1 1 0 32
6.22455842927536 12 7 0 1 1 0 25
6.3818160174061 17 2 0 1 1 0 25
6.03787091992214 16 3 0 1 1 0 25
5.92692602597041 16 4 0 1 1 0 26
5.91079664404053 17 3 0 1 1 0 26
6.08221891037645 11 9 0 1 1 0 26
6.4281052726846 17 6 0 1 0 0 29
6.45362499889269 16 11 0 1 1 0 33
6.21460809842219 12 8 0 1 1 0 26
6.77422388635761 12 14 0 1 1 0 32
6.45362499889269 17 11 0 1 1 0 34
5.74620319054015 14 4 0 0 0 0 24
5.85793315448346 15 3 0 0 1 0 24
6.75343791859778 9 9 0 0 1 0 24
5.29831736654804 11 14 1 0 1 0 31
5.94803498918065 12 6 1 1 0 0 24
5.50125821054473 12 12 1 0 1 0 30
6.69456205852109 12 14 1 0 1 0 32
6.13556489108174 18 9 1 0 1 0 33
6.3578422665081 16 7 1 0 1 0 29
6.22653666928747 17 8 1 1 0 0 31
6.86901445066571 17 5 0 0 1 0 28
6.61069604471776 16 4 0 1 1 0 26
6.10924758276437 12 6 0 1 1 0 24
6.16541785423142 11 10 1 0 1 0 27
4.81218435537242 9 10 1 0 1 0 25
6.67708346124714 11 15 1 1 1 0 32
5.29831736654804 10 9 1 0 1 0 25
6.13556489108174 14 12 0 0 1 0 32
5.41610040220442 10 13 0 0 1 0 29
6.3578422665081 13 9 0 1 1 0 28
5.19295685089021 8 18 1 0 1 0 32
5.78382518232974 9 16 1 0 0 0 31
6.0137151560428 7 15 1 0 1 0 28
5.29831736654804 10 9 1 0 1 0 25
6.289715570909 16 7 0 0 1 0 29
5.86929691313377 16 6 0 0 1 0 28
5.52146091786225 11 11 0 0 1 0 28
6.5410299991899 16 6 0 0 1 0 28
6.04025471127741 12 10 0 0 1 0 28
5.90263333340137 12 15 0 1 1 0 33
5.86078622346587 11 7 0 0 1 0 24
6.81673588059497 16 9 0 1 1 0 31
6.80239476332431 13 9 0 0 1 0 28
5.7037824746562 7 13 0 0 1 0 26
5.7268477475872 10 11 0 0 1 0 27
6.16331480403464 7 14 0 1 1 0 27
5.82894561761021 11 11 1 0 1 0 28
6.13772705408623 9 14 1 1 1 0 29
5.29831736654804 12 12 1 0 1 0 30
5.75257263882563 15 3 1 0 1 0 24
6.4377516497364 16 8 1 0 1 0 30
5.53733426701854 12 12 1 0 1 0 30
6.10924758276437 9 12 0 0 1 0 27
5.92692602597041 12 6 1 0 1 0 24
5.7037824746562 12 8 1 1 0 0 26
5.89715386763674 12 8 1 0 1 0 26
6.62007320653036 18 3 1 1 0 0 27
6.37842618365159 15 7 1 1 1 0 28
5.57972982598622 10 15 1 1 1 0 31
5.7037824746562 9 10 1 1 1 0 25
5.96614673912369 6 21 1 0 1 0 33
6.21460809842219 10 15 0 0 1 0 31
6.10924758276437 12 11 0 0 1 0 29
5.57215403217776 12 9 0 0 1 0 27
6.06842558824411 14 7 0 0 1 0 27
5.25749537202778 10 14 1 0 1 0 30
6.7202201551353 14 14 0 0 1 0 34
6.24027584517077 16 8 1 1 1 1 30
6.2709884318583 13 11 1 1 0 1 30
5.95324333428778 16 4 1 0 1 1 26
6.21460809842219 13 8 0 0 1 1 27
6.56807791141198 15 8 0 1 1 1 29
6.15697898558556 16 5 0 1 1 1 27
6.1527326947041 12 6 1 0 1 1 24
6.02344759296103 13 6 1 1 0 1 25
5.81413053182507 12 7 0 0 1 1 25
6.17586727010576 13 15 0 1 1 1 34
6.21460809842219 12 6 0 0 1 1 24
6.5694814204143 12 13 0 0 1 1 31
6.26339826259162 13 7 1 0 1 1 26
