Model 2: Quantile estimates, using observations 1-3010
Dependent variable: l_wage
Robust (sandwich) standard errors

             tau    coefficient   std. error      t-ratio 
  -------------------------------------------------------
  const     0.100       4.25368     0.126374      33.6594
            0.200       4.51918     0.114373      39.5127
            0.300       4.59727    0.0785799      58.5043
            0.400       4.69092    0.0844362      55.5558
            0.500       4.77374    0.0746778      63.9244
            0.600       4.83700    0.0752350      64.2918
            0.700       4.88221    0.0759348      64.2948
            0.800       5.00556    0.0853781      58.6281
            0.900       5.26843     0.104563      50.3853

  educ      0.100     0.0738141   0.00627698      11.7595
            0.200     0.0692539   0.00594086      11.6572
            0.300     0.0735430   0.00416133      17.6730
            0.400     0.0733128   0.00432727      16.9421
            0.500     0.0747784   0.00383324      19.5079
            0.600     0.0776961   0.00389230      19.9615
            0.700     0.0780069   0.00398300      19.5850
            0.800     0.0763753   0.00454278      16.8125
            0.900     0.0689201   0.00554534      12.4285

  exper     0.100     0.0885746    0.0140825      6.28968
            0.200     0.0827266    0.0109488      7.55577
            0.300     0.0796848   0.00740111      10.7666
            0.400     0.0798703   0.00869470      9.18609
            0.500     0.0766460   0.00774015      9.90238
            0.600     0.0728617   0.00757551      9.61806
            0.700     0.0803532   0.00712450      11.2784
            0.800     0.0799164   0.00762004      10.4877
            0.900     0.0864602   0.00903037      9.57439

  sq_exper  0.100   -0.00250803  0.000668898     -3.74949
            0.200   -0.00214099  0.000508577     -4.20976
            0.300   -0.00203018  0.000324743     -6.25165
            0.400   -0.00210526  0.000413951     -5.08577
            0.500   -0.00198854  0.000362863     -5.48013
            0.600   -0.00179418  0.000356426     -5.03381
            0.700   -0.00205367  0.000339688     -6.04574
            0.800   -0.00206695  0.000385928     -5.35579
            0.900   -0.00262215  0.000420272     -6.23918

  black     0.100     -0.172408    0.0311502     -5.53473
            0.200     -0.219526    0.0300949     -7.29446
            0.300     -0.196266    0.0215681     -9.09986
            0.400     -0.201327    0.0219082     -9.18958
            0.500     -0.186518    0.0209680     -8.89539
            0.600     -0.161353    0.0214301     -7.52924
            0.700     -0.171229    0.0197039     -8.69009
            0.800     -0.162580    0.0239187     -6.79717
            0.900     -0.190934    0.0241374     -7.91028

  smsa      0.100      0.121454    0.0267421      4.54167
            0.200      0.150765    0.0243695      6.18661
            0.300      0.160386    0.0177683      9.02651
            0.400      0.170393    0.0197173      8.64180
            0.500      0.178737    0.0164433      10.8700
            0.600      0.165755    0.0177175      9.35541
            0.700      0.166410    0.0182403      9.12316
            0.800      0.160743    0.0209828      7.66067
            0.900      0.164772    0.0212903      7.73929

  south     0.100     -0.115112    0.0270435     -4.25656
            0.200     -0.153151    0.0244987     -6.25141
            0.300     -0.145419    0.0191249     -7.60364
            0.400     -0.136046    0.0190106     -7.15632
            0.500     -0.133310    0.0166457     -8.00870
            0.600     -0.138626    0.0172238     -8.04851
            0.700     -0.124543    0.0177940     -6.99915
            0.800     -0.110162    0.0204445     -5.38835
            0.900     -0.128813    0.0235578     -5.46795

Median depend. var   6.286928   S.D. dependent var   0.443798
