0.1434067790825477
-0.6886063421202733
0.6737759721975071
0.06553408377784156
-0.2870544646038562
1.0095645670803017
-0.5993018731841375
0.34179112016208674
0.47705420247779984
-1.869943556356088
-0.6292540704478745
1.10123561051475
-1.679262617338362
-0.33388297544137674
0.2056869579642184
0.12308451439002746
1.6023006259480126
-1.4344624201441551
0.31493888267436587
-0.38592075793283026
-2.2884233083537078
1.1706105911039635
0.28465129977377945
-0.4322523046411085
0.46461460206763255
-0.2679737366152637
0.5335654256782071
-0.12548905078159608
-0.38615334666461404
-0.4955879044722048
-0.2913029165189914
0.5561964786155414
-0.5017346941589358
0.09876017601076574
-0.47845751445365814
-0.16702625620155004
-0.8907959980366416
0.18859364172354023
-0.3726945979053393
-0.24135993414611523
0.29488050383932246
0.38980864678816
0.12472583210611148
0.41968121031171773
-0.8752920250015302
0.18593999177988002
-0.041331601552046585
-0.28089855592791785
-0.26699302280981135
-0.28095906281779987
0.07206113577624824
-0.16117229799076352
-0.1259270716480601
-0.1427059972313956
-0.012285422355050143
-0.48315515593171987
0.300420084086633
-0.1869074271741907
0.02990047108641063
-0.7635969777812914
0.19951668329572814
-0.46575068817242804
0.10537489909385621
0.644393052474634
0.2331855056334991
0.34602079892363535
-0.19055411444890877
-0.5936008906062133
0.07269018165300155
0.5470521286540466
-0.6514844065974358
-0.6377643635009723
-0.11209961653528244
0.24790070102873255
-0.3942586678734702
0.5558897138316559
0.7966014865277341
-0.4953026658468003
-0.7717923547534504
-0.27353832096293457
-0.7631569261542447
2.3162889877049775
-0.42802027437449197
-0.001457996691590856
0.5863270644538215
-0.42500240779559867
0.3748811486312887
0.6129296608046763
-0.2947523082472056
-0.2240660546317348
-0.618220674973453
0.11127486224970363
-0.04907453989874332
-1.0647783894865173
0.6098021771863505
-0.20739095176462718
1.0719020399110533
-0.6718504127486228
0.04876073579865423
-0.5986926918919475
0.5124724766036111
0.7075289590176145
0.3140654760959823
0.7331283055298183
0.321656257092099
-1.2522689567373435
0.5183534154178513
0.6151816329616632
0.2736533222087583
0.9505125325331375
1.2077026661509112
0.8190575186777738
0.5190401058949159
-1.302532782928961
-1.478975495752744
-0.27403372019745703
0.15240066304169797
0.2367435543473272
-0.5204839980786856
0.39033162155304135
-0.1171178747054558
-0.45661513660081254
0.4711259568212577
0.22708169891861746
0.6087005855906601
0.47924437071661585
0.41231749722086447
0.3715893729610132
0.7427571931063841
0.31185106780968697
0.3339960118472686
-0.2968502504727583
0.8750235832992198
0.9606804252231745
0.1101080091164168
-0.9135002627287289
-0.08835518657597977
1.7292500930015713
-0.9432163705792752
0.002679138318661969
-0.7124423287846884
0.23834259527787424
0.29816980235993745
-0.4981218534693139
0.21860036529433177
0.24786244504664423
-0.40061953638862524
1.1196976412227542
-0.00041813670865995493
-0.827939286915924
-1.0604576165385355
0.49505445950576976
0.35011177303977586
0.2582944210815589
0.08031998446679843
0.6517057732152384
-0.014686605068588583
-0.09497731227063211
-0.10164752241877319
-0.844868547569392
-0.669141333164038
-0.36013456042475966
-0.040874070128945623
-0.7178913530368533
-0.24915967765797242
-0.36707480882731763
-0.21590676125888966
0.48806475139913497
-0.0840699154887845
-0.01435482483189822
-0.10824743779543855
-0.17060911053479674
-0.5476723787612382
0.11600995206468377
-0.14549658567511925
-0.4854749901461492
0.6482426120419785
-0.7231773974884308
0.18417951781289724
0.012297429076268768
-0.3512763832594771
-0.25925634457077446
0.3458207255994876
-0.06415545449776357
-0.9872415937864473
0.055727518550696103
-0.4884084758366959
-1.714923299534102
0.3551685721259542
-0.08686859885677203
-0.621398003162046
-0.016960236017674792
1.0369052822921374
0.1793831486881223
0.6711003886608509
-0.4822981885975292
0.3245165929677926
-0.931921442938754
-0.01519458116262222
-0.2649073255192232
0.5584752079940686
-0.828843348579709
-0.15015425813154787
-0.013706867083400295
-1.0844749014675903
0.8335518784735234
0.03200817796698524
-0.4164263333411884
0.35666346317691294
-0.21066156124113458
-0.051473889018328924
0.38738518228618346
0.3939065026835154
-0.5069842659485866
-0.4906164665621745
0.18720311967576642
0.05670292299792413
-0.24150660317194486
0.6078723468792041
0.14418312371745431
-1.7696936381500241
-1.0955624512304447
0.9002992884977684
-0.3459224553556444
1.1765653783952443
0.46847768341398316
-0.5463753429331177
0.2681975786549272
-0.5444340081105812
0.08111665522918915
0.2456779851446559
-0.08727168349207742
1.4195768659525227
0.3425692423048602
-0.3553684499460867
0.752354383826185
0.9426658675581577
0.13623089328512517
-1.3592077696902884
0.5722684329095128
0.5518827905545193
-0.7900556296575736
-0.00038601480193806577
-0.5645810160429039
-0.9390972808248567
-0.2744528402225712
-0.5060502175042189
-0.4212641254315356
2.950847105786621
0.2724522091750531
-0.8321363951005862
1.4565605068047116
0.4755456997580851
0.21949943977338848
0.08094859919334381
-0.6301866644090683
0.43713738412013703
-1.4573587390994702
0.3110345523940751
-0.606065142186027
0.026603962079874387
-0.4285226907420793
0.13687943824205184
-0.005740439554116464
-0.18765614243107048
-0.3553018220166426
0.3515783568901833
-0.5923220390319854
-1.256232409148013
-0.7654343599589383
1.5803684243252074
-0.43677256424377625
-1.4803314909541796
-0.9000917208256927
-0.19291848204745002
0.15679336632743926
-0.5122038182371613
-0.1451375312693392
0.06455787813824443
0.7292295048937073
-0.488501847958048
0.43210079487679315
0.6886737588618117
0.24860412884449776
0.8160799681015596
0.07826130401314356
-0.9793918161266991
0.05663433049596074
0.15665261378462614
-0.15274851684892757
-0.5528442662895194
0.02181673288671205
-0.6405600908487618
0.005134526510573444
-0.021253028523397683
-0.1688939712719095
1.0355534046832602
-0.1405726911288564
-0.32572260321913227
-0.35325025093121487
0.27248237703026595
-0.1351281256989334
-0.9089657720720501
0.21527074945381727
0.18169301804317603
0.5827459759798984
-0.21821010004107186
-0.8683532221531953
0.40538132784590314
-0.23113016613922924
-0.2635929716247349
0.061038869307188916
-0.05983164379941088
-0.43946911305434416
-0.18137879740144772
0.5703456932545629
0.27070459858066254
-0.8143850494184806
0.1649590313518981
0.1740090000807252
0.02215665788068785
0.5348602763187469
-0.3262467139260773
-0.24419860863974294
0.3730566146992325
0.19160093480563303
-1.230669340606219
0.18254996932029668
-0.66818594424553
1.7963164859614842
-0.12978470097322165
-1.1313708175959951
0.045302481022850435
0.8920641716147915
0.5305456640415794
-0.7842839744863049
-0.3126187074271753
-0.5262445776662642
0.3360226703404801
0.7474640736738984
-1.1008304079320066
0.593009108851933
-1.2196898750641483
1.3763023108452177
-0.9541851823335725
-1.428378467393178
2.3902458404837565
0.7218348953900012
-0.11422843563203738
-0.0897098668611635
-0.9864059299441216
-1.6358209993263295
0.9911458719116383
-0.7178649975212047
0.16035074766480514
0.5936574260296081
-0.18405456896915767
0.34772433139911374
-0.9255529129054856
0.8067924449075401
-0.05597720439576613
0.7877412492318128
-0.570383176889772
-0.7470477456397365
-0.37699139467530696
0.2643006980255859
-0.08354425911265936
-0.8436257831687511
0.33673946023247653
0.12735335795017483
-0.09518728764998648
-0.2850369378726134
-0.22377997603697591
0.1973440281659989
0.3243954517257772
0.12106767440598601
-0.8814125907935801
1.0557647778648793
-0.3317919681226628
0.09554294253289648
-0.16032368102365566
0.8298571589549744
1.5655237982767485
0.7709366816184683
0.6674031049880894
0.6936790144315418
-1.6457222733366055
-1.20456451915525
-1.9041606517816927
0.8309263488230744
-0.7623540894065066
-0.5215486948330863
-0.5899295290980048
-0.2746605387445515
-0.8169556860549986
1.0562758419818057
-0.7812878621746897
-0.6765567909594682
0.33127197187842367
-0.09353585025275953
-0.012535404760602683
-1.1742302147251438
0.2114458575787932
1.3688870763502703
0.48943363150824026
-0.8960687373767158
-0.5525925259055801
0.05857895588997813
-0.027273255448832082
-0.3449251641821635
-0.22854637298476127
0.781762976707289
0.05727913417107979
0.09079961551611629
-0.5202294688269252
-0.6960518411648026
0.3765298175048907
0.2720047990144267
0.19659361185961577
-0.24045091377916122
-0.1173780949148065
0.35193222868105406
0.1536371118457972
0.0024565721668335493
0.5843894600154915
0.013943913750342058
-0.33635758849737113
-1.0754173203595667
-0.1244217085033521
0.7485494440674905
-0.37564147812142984
-0.6885170637798751
0.16234802508690427
0.20019265799351318
-0.20277762274809286
0.8344599174311168
0.04770553856503854
0.22247893602734398
0.691391169164601
1.2789452429070554
0.1848220621642482
-0.06668819357389807
-0.3289086394808211
-0.21661517697306482
0.40967688257346996
-0.3432749245711651
-0.360461208134195
0.9546724729241991
-1.1729829534718674
-0.2537133294597539
-0.7698868179638176
0.232237369014224
-0.06730227581379655
-0.21243957785786632
-0.6358885132619276
0.08026123872611482
0.5297095130228562
0.20035023114031297
0.42497452668568464
0.1515786063158805
0.8475313154372498
-0.054892264944081455
0.3703609284677724
0.7781197948481181
-0.11767256253849014
0.20426786065658978
0.022273998991582465
-0.28992557272247826
-0.026836452628288602
0.7565538330901219
0.25813288432794684
-1.2794224535841892
0.43663255619689256
0.7047553814959663
0.6515875235334282
0.033193401502505764
-0.5171711338336653
0.5296739197953325
0.7425803890172593
-0.14471777897451693
-0.2170738292081743
0.7559771870682538
-0.25210151570254274
0.8953968406823029
0.17378648153889467
0.8572606040490525
0.8538755335258593
-0.3362453124916982
0.33942390260978794
-0.9947286930781717
0.2879817470116365
-0.5057258791589722
0.5923595949652622
-1.2570042851098835
1.0114281646218704
-0.24333678138041678
-0.331659648747956
-0.8050895121244801
-0.7411957555555365
0.5825213821950603
