 5.31120000e+02
 5.33340000e+02
 5.37670000e+02
 5.37570000e+02
 5.31440000e+02
 5.39890000e+02
 5.35350000e+02
 5.25940000e+02
 5.12830000e+02
 5.11130000e+02
 5.04260000e+02
 5.11980000e+02
 5.08600000e+02
 5.24880000e+02
 5.24350000e+02
 5.27420000e+02
 5.24350000e+02
 5.11980000e+02
 4.98550000e+02
 4.85550000e+02
 4.96750000e+02
 4.91780000e+02
 4.85860000e+02
 4.96750000e+02
 4.98230000e+02
 4.86180000e+02
 4.97920000e+02
 4.94220000e+02
 4.89990000e+02
 4.81530000e+02
 4.76140000e+02
 4.76660000e+02
 4.66200000e+02
 4.53510000e+02
 4.40400000e+02
 4.35740000e+02
 4.51500000e+02
 4.43360000e+02
 4.40080000e+02
 4.25490000e+02
 4.37220000e+02
 4.44520000e+02
 4.52450000e+02
 4.60380000e+02
 4.63760000e+02
 4.70110000e+02
 4.58900000e+02
 4.60910000e+02
 4.67570000e+02
 4.73700000e+02
 4.68200000e+02
 4.64190000e+02
 4.63340000e+02
 4.80580000e+02
 4.94000000e+02
 4.95380000e+02
 4.99500000e+02
 5.07120000e+02
 5.10610000e+02
 5.05850000e+02
 5.07860000e+02
 5.12090000e+02
 5.17060000e+02
 5.22770000e+02
 5.26040000e+02
 5.21180000e+02
 5.15890000e+02
 5.33130000e+02
 5.39580000e+02
 5.45600000e+02
 5.42540000e+02
 5.40850000e+02
 5.27100000e+02
 5.19910000e+02
 5.30060000e+02
 5.39890000e+02
 5.39580000e+02
 5.34930000e+02
 5.35980000e+02
 5.43380000e+02
 5.50470000e+02
 5.52160000e+02
 5.62100000e+02
 5.62420000e+02
 5.54490000e+02
 5.49620000e+02
 5.46980000e+02
 5.55230000e+02
 5.64210000e+02
 5.64530000e+02
 5.67700000e+02
 5.66860000e+02
 5.66010000e+02
 5.59670000e+02
 5.54910000e+02
 5.44230000e+02
 5.35030000e+02
 5.37250000e+02
 5.49410000e+02
 5.55120000e+02
 5.61570000e+02
 5.61360000e+02
 5.60410000e+02
 5.65800000e+02
 5.64640000e+02
 5.70450000e+02
 5.67810000e+02
 5.53110000e+02
 5.46240000e+02
 5.44760000e+02
 5.32070000e+02
 5.38310000e+02
 5.30800000e+02
 5.23930000e+02
 5.29530000e+02
 5.22550000e+02
 5.26040000e+02
 5.48140000e+02
 5.61570000e+02
 5.69920000e+02
 5.70140000e+02
 5.78070000e+02
 5.84620000e+02
 5.81130000e+02
 5.77330000e+02
 5.82300000e+02
 5.94460000e+02
 6.03760000e+02
 5.99210000e+02
 5.95090000e+02
 6.01430000e+02
 6.10000000e+02
 6.03650000e+02
 5.81240000e+02
 5.76270000e+02
 5.75950000e+02
 5.81770000e+02
 5.85470000e+02
 5.85150000e+02
 5.92130000e+02
 5.95200000e+02
 6.02280000e+02
 6.07360000e+02
 6.13700000e+02
 6.13060000e+02
 6.18560000e+02
 6.18030000e+02
 6.15070000e+02
 6.14120000e+02
 6.26600000e+02
 6.32940000e+02
 6.44050000e+02
 6.43730000e+02
 6.42670000e+02
 6.40870000e+02
 6.30620000e+02
 6.23220000e+02
 6.03440000e+02
 6.07990000e+02
 6.11270000e+02
 6.14760000e+02
 6.17720000e+02
 6.20470000e+02
 6.00910000e+02
 5.86210000e+02
 5.92230000e+02
 5.87580000e+02
 5.88110000e+02
 5.94350000e+02
 5.96250000e+02
 5.97310000e+02
 5.94560000e+02
 5.95510000e+02
 6.13170000e+02
 6.18990000e+02
 6.27230000e+02
 6.17610000e+02
 6.10530000e+02
 6.06830000e+02
 5.87480000e+02
 5.75630000e+02
 5.68020000e+02
 5.79650000e+02
 5.67810000e+02
 5.57240000e+02
 5.44760000e+02
 5.23930000e+02
 5.48570000e+02
 5.41270000e+02
 5.56600000e+02
 5.53750000e+02
 5.55650000e+02
 5.55020000e+02
 5.54800000e+02
 5.60200000e+02
 5.43170000e+02
 5.44440000e+02
 5.64210000e+02
 5.77960000e+02
 5.73100000e+02
 5.78380000e+02
 5.80070000e+02
 5.67070000e+02
 5.51530000e+02
 5.41160000e+02
 5.33660000e+02
 5.26360000e+02
 5.37890000e+02
 5.44860000e+02
 5.48990000e+02
 5.42860000e+02
 5.32920000e+02
 5.13780000e+02
 5.09550000e+02
 5.14410000e+02
 5.17370000e+02
 5.28370000e+02
 5.32700000e+02
 5.23720000e+02
 5.16000000e+02
 5.28260000e+02
 5.29740000e+02
 5.18850000e+02
 5.06900000e+02
 4.91360000e+02
 4.75610000e+02
 4.61010000e+02
 4.43990000e+02
 4.25800000e+02
 4.19250000e+02
 4.54780000e+02
 4.36480000e+02
 4.38810000e+02
 4.26440000e+02
 4.19880000e+02
 4.19040000e+02
 4.32150000e+02
 4.42510000e+02
 4.48850000e+02
 4.43460000e+02
 4.32990000e+02
 4.40500000e+02
 4.66200000e+02
 4.65350000e+02
 4.77300000e+02
 4.72010000e+02
 4.78670000e+02
 4.87870000e+02
 5.02150000e+02
 4.86600000e+02
 4.82160000e+02
 4.80150000e+02
 4.85550000e+02
 4.89670000e+02
 4.75820000e+02
 4.88290000e+02
 5.09020000e+02
 5.15150000e+02
 5.15890000e+02
 5.18750000e+02
 5.31750000e+02
 5.33870000e+02
 5.37670000e+02
 5.44860000e+02
 5.51100000e+02
 5.61780000e+02
 5.66650000e+02
 5.71400000e+02
 5.62840000e+02
 5.64110000e+02
 5.78910000e+02
 5.89060000e+02
 5.81240000e+02
 5.86210000e+02
 5.94770000e+02
 6.02390000e+02
 6.01430000e+02
 6.10740000e+02
 6.04820000e+02
 5.99530000e+02
 5.88430000e+02
 5.80070000e+02
 5.89060000e+02
 5.86100000e+02
 5.86630000e+02
 5.74370000e+02
 5.82510000e+02
 5.85780000e+02
 5.81870000e+02
 5.81980000e+02
 5.67920000e+02
 5.48250000e+02
 5.52900000e+02
 5.76590000e+02
 5.86420000e+02
 5.79020000e+02
 5.92550000e+02
 5.83250000e+02
 5.75420000e+02
 5.71830000e+02
 5.83140000e+02
 5.79020000e+02
 5.58820000e+02
 5.47720000e+02
 5.53530000e+02
 5.45390000e+02
 5.41060000e+02
 5.25200000e+02
 5.57550000e+02
 5.66220000e+02
 5.75530000e+02
 5.90650000e+02
 5.96570000e+02
 6.02390000e+02
 6.06510000e+02
 6.08310000e+02
 6.00270000e+02
 6.14550000e+02
 6.19200000e+02
 6.20040000e+02
 6.18990000e+02
 6.31250000e+02
 6.41930000e+02
 6.35060000e+02
 6.28290000e+02
 6.27130000e+02
 6.41610000e+02
 6.49440000e+02
 6.43940000e+02
 6.30410000e+02
 6.23850000e+02
 6.19410000e+02
 6.28610000e+02
 6.46900000e+02
 6.42460000e+02
 6.32410000e+02
 6.35590000e+02
 6.36750000e+02
 6.25960000e+02
 6.32840000e+02
 6.25010000e+02
 6.19620000e+02
 6.27020000e+02
 6.35800000e+02
 6.44150000e+02
 6.49230000e+02
 6.53250000e+02
 6.43310000e+02
 6.42990000e+02
 6.32100000e+02
 6.29880000e+02
 6.35900000e+02
 6.37810000e+02
 6.34110000e+02
 6.26070000e+02
 6.40350000e+02
 6.52820000e+02
 6.56840000e+02
 6.63400000e+02
 6.76080000e+02
 6.73860000e+02
 6.83060000e+02
 6.85070000e+02
 6.70480000e+02
 6.75130000e+02
 6.90360000e+02
 6.88350000e+02
 6.81900000e+02
 6.68790000e+02
 6.63500000e+02
 6.48910000e+02
 6.56100000e+02
 6.52290000e+02
 6.34420000e+02
 6.49120000e+02
 6.50500000e+02
 6.24590000e+02
 6.29670000e+02
 6.13700000e+02
 6.34110000e+02
 6.26490000e+02
 6.08310000e+02
 6.07570000e+02
 6.19200000e+02
 5.96780000e+02
 5.80390000e+02
 5.91600000e+02
 5.80600000e+02
 5.99210000e+02
 5.81130000e+02
 5.76060000e+02
 5.66650000e+02
 5.90650000e+02
 5.98050000e+02
 6.18030000e+02
 6.01650000e+02
 5.95200000e+02
 5.80390000e+02
 5.66220000e+02
 5.85680000e+02
 5.91710000e+02
 5.83560000e+02
 6.01650000e+02
 6.20360000e+02
 6.21630000e+02
 6.23850000e+02
 6.28080000e+02
 6.27450000e+02
 6.16240000e+02
 5.99950000e+02
 5.79650000e+02
 5.62520000e+02
 5.50360000e+02
 5.18640000e+02
 5.26890000e+02
 5.32070000e+02
 5.37150000e+02
 5.49620000e+02
 5.29220000e+02
 5.41160000e+02
 5.48040000e+02
 5.48570000e+02
 5.27520000e+02
 5.14520000e+02
 5.28050000e+02
 5.46030000e+02
 5.54910000e+02
 5.64320000e+02
 5.52160000e+02
 5.45500000e+02
 5.31540000e+02
 5.20540000e+02
 5.31220000e+02
 5.07120000e+02
 5.17270000e+02
 5.13140000e+02
 5.04680000e+02
 4.85440000e+02
 4.83640000e+02
 5.02570000e+02
 5.11560000e+02
 4.93370000e+02
 4.84490000e+02
 4.63870000e+02
 4.40400000e+02
 4.62280000e+02
 4.70740000e+02
 4.39340000e+02
 4.57420000e+02
 4.25910000e+02
 4.08040000e+02
 3.91860000e+02
 3.79910000e+02
 3.78750000e+02
 3.74200000e+02
 3.76530000e+02
 3.53590000e+02
 3.77380000e+02
 3.92500000e+02
 3.96940000e+02
 4.13640000e+02
 4.17240000e+02
 4.10470000e+02
 3.80970000e+02
 3.92390000e+02
 3.77910000e+02
 3.78010000e+02
 3.77910000e+02
 3.75470000e+02
 3.81860000e+02
 3.92920000e+02
 4.05710000e+02
 4.03600000e+02
 4.33840000e+02
 4.43570000e+02
 4.48850000e+02
 4.56050000e+02
 4.49170000e+02
 4.62920000e+02
 4.67570000e+02
 4.72540000e+02
 4.68520000e+02
 4.62280000e+02
 4.63980000e+02
 4.84700000e+02
 4.82590000e+02
 4.88400000e+02
 4.98340000e+02
 5.16320000e+02
 4.99820000e+02
 5.03940000e+02
 5.20650000e+02
 5.09440000e+02
 5.09340000e+02
 5.34080000e+02
 5.31750000e+02
 5.36410000e+02
 5.36300000e+02
 5.11770000e+02
 5.02570000e+02
 4.87240000e+02
 4.85120000e+02
 4.68420000e+02
 4.75180000e+02
 4.84170000e+02
 4.70740000e+02
 4.61970000e+02
 4.81210000e+02
 4.64820000e+02
 4.91680000e+02
 4.99500000e+02
 5.07330000e+02
 4.99710000e+02
 4.98340000e+02
 5.09870000e+02
 5.03520000e+02
 5.08490000e+02
 4.89040000e+02
 4.90620000e+02
 4.96650000e+02
 4.98870000e+02
 5.03730000e+02
 5.26040000e+02
 5.43910000e+02
 5.50360000e+02
 5.52790000e+02
 5.73520000e+02
 5.68440000e+02
 5.64530000e+02
 5.75850000e+02
 5.65800000e+02
 5.70660000e+02
 5.70030000e+02
 5.83140000e+02
 5.79440000e+02
 5.76270000e+02
 5.64110000e+02
 5.81560000e+02
 5.74680000e+02
 5.67810000e+02
 5.78810000e+02
 5.70030000e+02
 5.59460000e+02
 5.63900000e+02
 5.56390000e+02
 5.74790000e+02
 5.81870000e+02
 5.89060000e+02
 5.86630000e+02
 5.98580000e+02
 5.86840000e+02
 5.82300000e+02
 5.89800000e+02
 5.87790000e+02
 5.90540000e+02
 5.76480000e+02
 5.86840000e+02
 5.92230000e+02
 5.88640000e+02
 6.06400000e+02
 5.95300000e+02
 5.81980000e+02
 5.76480000e+02
 5.74470000e+02
 5.74370000e+02
 5.75000000e+02
 5.59350000e+02
 5.69400000e+02
 5.81130000e+02
 5.81870000e+02
 5.91390000e+02
 5.98790000e+02
 5.96780000e+02
 6.05660000e+02
 5.98370000e+02
 5.91600000e+02
 5.95940000e+02
 5.89490000e+02
 5.88750000e+02
 5.80070000e+02
 5.83560000e+02
 5.76270000e+02
 5.76900000e+02
 5.75420000e+02
 5.86840000e+02
 5.76480000e+02
 5.66860000e+02
 5.63160000e+02
 5.75740000e+02
 5.78380000e+02
 5.64850000e+02
 5.76160000e+02
 5.70770000e+02
 5.79120000e+02
 5.59880000e+02
 5.60090000e+02
 5.67280000e+02
 5.75420000e+02
 5.81450000e+02
 5.80500000e+02
 5.78070000e+02
 5.78380000e+02
 5.89270000e+02
 5.71830000e+02
 5.69080000e+02
 5.71930000e+02
 5.65800000e+02
 5.62730000e+02
 5.59670000e+02
 5.66650000e+02
 5.58190000e+02
 5.50680000e+02
 5.51310000e+02
 5.54380000e+02
 5.45290000e+02
 5.35560000e+02
 5.33020000e+02
 5.26360000e+02
 5.39680000e+02
 5.55440000e+02
 5.62420000e+02
 5.53640000e+02
 5.42220000e+02
 5.48780000e+02
 5.43600000e+02
 5.53110000e+02
 5.45920000e+02
 5.23610000e+02
 5.29110000e+02
 5.23080000e+02
 5.26470000e+02
 5.32390000e+02
 5.21710000e+02
 5.14830000e+02
 5.12720000e+02
 5.16740000e+02
 5.24990000e+02
 5.27520000e+02
 5.29430000e+02
 5.29640000e+02
 5.33230000e+02
 5.53530000e+02
 5.69710000e+02
 5.68020000e+02
 5.68020000e+02
 5.88750000e+02
 5.74790000e+02
 5.76480000e+02
 5.93290000e+02
 5.90860000e+02
 5.70030000e+02
 5.66540000e+02
 5.60410000e+02
 5.71930000e+02
 5.82610000e+02
 5.88010000e+02
 6.11370000e+02
 6.21210000e+02
 6.23110000e+02
 6.25120000e+02
 6.18350000e+02
 6.28500000e+02
 6.35060000e+02
 6.06090000e+02
 6.05980000e+02
 6.13590000e+02
 6.26920000e+02
 5.96360000e+02
 5.74580000e+02
 5.68760000e+02
 5.55020000e+02
 5.44760000e+02
 5.62950000e+02
 5.53850000e+02
 5.76370000e+02
 5.68020000e+02
 5.58610000e+02
 5.69920000e+02
 5.77010000e+02
 5.83990000e+02
 5.88320000e+02
 5.92870000e+02
 5.92020000e+02
 5.75950000e+02
 5.86000000e+02
 5.87690000e+02
 5.70240000e+02
 5.83880000e+02
 5.91600000e+02
 6.00910000e+02
 6.06400000e+02
 6.10210000e+02
 6.09580000e+02
 6.06190000e+02
 6.11160000e+02
 6.06510000e+02
 5.91710000e+02
 5.85570000e+02
 5.96150000e+02
 5.92230000e+02
 6.05130000e+02
 6.12750000e+02
 6.09580000e+02
 6.13380000e+02
 6.14970000e+02
 6.22370000e+02
 6.10740000e+02
 6.19830000e+02
 6.27660000e+02
 6.38230000e+02
 6.52190000e+02
 6.56950000e+02
 6.57470000e+02
 6.41400000e+02
 6.50070000e+02
 6.53030000e+02
 6.61600000e+02
 6.60220000e+02
 6.29450000e+02
 6.20150000e+02
 6.00910000e+02
 6.10210000e+02
 6.00060000e+02
 6.22260000e+02
 6.25750000e+02
 6.45000000e+02
 6.48700000e+02
 6.51130000e+02
 6.55570000e+02
 6.53670000e+02
 6.38020000e+02
 6.63180000e+02
 6.76190000e+02
 6.88670000e+02
 6.99350000e+02
 7.01990000e+02
 7.16580000e+02
 7.04320000e+02
 6.79890000e+02
 6.70160000e+02
 6.43520000e+02
 6.27130000e+02
 5.91920000e+02
 6.15390000e+02
 6.17610000e+02
 6.10210000e+02
 6.23320000e+02
 6.38230000e+02
 6.45210000e+02
 6.43940000e+02
 6.49440000e+02
 6.75450000e+02
 6.79260000e+02
 6.99660000e+02
 7.01670000e+02
 7.05480000e+02
 6.99560000e+02
 7.13300000e+02
 7.24720000e+02
 7.37620000e+02
 7.39630000e+02
 7.36250000e+02
 7.47350000e+02
 7.50840000e+02
 7.52320000e+02
 7.68820000e+02
 7.62580000e+02
 7.88480000e+02
 7.96620000e+02
 7.75790000e+02
 8.03820000e+02
 8.16710000e+02
 8.04240000e+02
 7.80340000e+02
 7.99800000e+02
 8.18830000e+02
 8.47700000e+02
 8.54150000e+02
 8.33320000e+02
 7.80130000e+02
 8.04980000e+02
 8.24220000e+02
 8.23270000e+02
 8.17240000e+02
 8.09420000e+02
 7.97150000e+02
 7.90700000e+02
 7.78650000e+02
 7.76850000e+02
 7.78120000e+02
 7.76750000e+02
 7.92820000e+02
 7.88060000e+02
 8.14070000e+02
 8.33420000e+02
 8.31310000e+02
 8.19990000e+02
 8.19040000e+02
 8.18510000e+02
 8.12490000e+02
 7.99370000e+02
 7.98950000e+02
 8.09210000e+02
 8.20310000e+02
 8.02230000e+02
 8.11850000e+02
 8.17770000e+02
 8.14180000e+02
 7.96940000e+02
 7.87740000e+02
 7.99370000e+02
 7.81400000e+02
 7.92500000e+02
 8.13230000e+02
 8.18620000e+02
 8.00750000e+02
 7.66490000e+02
 7.56660000e+02
 7.24090000e+02
 7.27680000e+02
 7.05690000e+02
 7.08440000e+02
 7.41540000e+02
 7.29270000e+02
 7.36570000e+02
 7.33180000e+02
 7.65330000e+02
 7.56440000e+02
 7.40480000e+02
 7.62890000e+02
 7.65540000e+02
 7.68600000e+02
 7.51370000e+02
 7.50420000e+02
 7.49680000e+02
 7.31490000e+02
 7.04530000e+02
 7.06330000e+02
 7.06110000e+02
 7.12780000e+02
 7.00090000e+02
 6.94800000e+02
 6.92050000e+02
 6.78200000e+02
 6.66570000e+02
 6.63400000e+02
 6.87290000e+02
 6.82220000e+02
 7.03050000e+02
 7.04950000e+02
 7.05370000e+02
 7.14260000e+02
 7.16370000e+02
 7.26310000e+02
 7.01250000e+02
 6.89200000e+02
 6.82530000e+02
 6.62760000e+02
 6.62660000e+02
 6.68890000e+02
 6.66360000e+02
 6.52400000e+02
 6.69950000e+02
 6.75660000e+02
 6.54200000e+02
 6.44680000e+02
 6.23320000e+02
 6.58950000e+02
 7.12560000e+02
 7.17960000e+02
 7.40370000e+02
 7.52740000e+02
 7.51790000e+02
 7.37830000e+02
 7.63420000e+02
 8.27920000e+02
 8.43780000e+02
 8.21370000e+02
 8.67570000e+02
 8.61020000e+02
 8.42410000e+02
 8.20520000e+02
 8.47270000e+02
 8.64190000e+02
 8.25700000e+02
 8.44520000e+02
 8.58690000e+02
 8.64510000e+02
 8.95070000e+02
 8.88090000e+02
 8.64190000e+02
 8.74130000e+02
 8.85970000e+02
 9.00670000e+02
 8.96020000e+02
 9.28160000e+02
 9.32920000e+02
 9.13890000e+02
 9.28900000e+02
 9.32180000e+02
 9.19600000e+02
 9.52060000e+02
 9.75850000e+02
 9.79970000e+02
 9.91390000e+02
 1.00440000e+03
 9.98050000e+02
 1.01518000e+03
 9.95310000e+02
 9.89380000e+02
 1.02396000e+03
 1.04691000e+03
 1.02100000e+03
 1.03337000e+03
 1.01402000e+03
 1.03453000e+03
 1.02713000e+03
 9.98480000e+02
 9.86530000e+02
 1.00990000e+03
 9.88010000e+02
 1.00334000e+03
 1.02523000e+03
 1.01191000e+03
 1.03052000e+03
 1.02830000e+03
 1.02597000e+03
 1.03580000e+03
 1.01677000e+03
 1.00884000e+03
 1.00472000e+03
 9.98580000e+02
 1.01392000e+03
 1.01931000e+03
 1.01709000e+03
 1.01360000e+03
 9.98270000e+02
 9.98580000e+02
 1.00694000e+03
 1.01688000e+03
 1.02597000e+03
 1.02459000e+03
 1.00725000e+03
 9.93190000e+02
 9.52590000e+02
 9.51110000e+02
 9.38630000e+02
 9.56290000e+02
 9.42010000e+02
 9.55020000e+02
 9.65380000e+02
 9.71730000e+02
 9.59140000e+02
 9.43600000e+02
 9.60410000e+02
 9.64110000e+02
 9.84310000e+02
 9.74260000e+02
 9.61360000e+02
 9.31440000e+02
 9.14200000e+02
 9.42650000e+02
 9.27740000e+02
 9.42750000e+02
 9.26050000e+02
 9.32290000e+02
 9.19490000e+02
 9.22560000e+02
 9.05530000e+02
 9.36620000e+02
 9.82930000e+02
 9.90860000e+02
 1.01466000e+03
 1.01561000e+03
 1.00027000e+03
 1.00250000e+03
 1.01730000e+03
 1.01317000e+03
 9.91180000e+02
 9.89380000e+02
 1.00281000e+03
 1.01931000e+03
 1.01233000e+03
 1.03052000e+03
 1.01233000e+03
 1.00228000e+03
 1.00598000e+03
 9.88330000e+02
 9.91710000e+02
 1.01920000e+03
 1.01550000e+03
 1.00905000e+03
 1.00916000e+03
 1.04574000e+03
 1.08138000e+03
 1.09597000e+03
 1.10390000e+03
 1.12166000e+03
 1.11140000e+03
 1.10665000e+03
 1.10644000e+03
 1.09163000e+03
 1.09639000e+03
 1.09893000e+03
 1.09724000e+03
 1.09956000e+03
 1.11331000e+03
 1.11659000e+03
 1.09280000e+03
 1.10559000e+03
 1.13001000e+03
 1.15243000e+03
 1.14894000e+03
 1.16565000e+03
 1.15116000e+03
 1.14672000e+03
 1.16448000e+03
 1.17390000e+03
 1.18003000e+03
 1.20001000e+03
 1.17506000e+03
 1.16808000e+03
 1.14810000e+03
 1.14852000e+03
 1.15772000e+03
 1.15666000e+03
 1.14841000e+03
 1.13372000e+03
 1.11024000e+03
 1.10548000e+03
 1.12462000e+03
 1.11595000e+03
 1.14704000e+03
 1.15433000e+03
 1.15983000e+03
 1.17696000e+03
 1.20318000e+03
 1.21365000e+03
 1.23385000e+03
 1.24442000e+03
 1.25626000e+03
 1.27614000e+03
 1.26388000e+03
 1.27667000e+03
 1.27086000e+03
 1.27022000e+03
 1.24506000e+03
 1.28238000e+03
 1.29793000e+03
 1.31812000e+03
 1.34022000e+03
 1.36465000e+03
 1.37067000e+03
 1.41857000e+03
 1.43337000e+03
 1.44532000e+03
 1.43898000e+03
 1.42777000e+03
 1.47599000e+03
 1.47334000e+03
 1.43538000e+03
 1.43898000e+03
 1.44765000e+03
 1.43538000e+03
 1.49851000e+03
 1.48233000e+03
 1.46541000e+03
 1.48698000e+03
 1.50940000e+03
 1.53478000e+03
 1.47556000e+03
 1.43401000e+03
 1.45569000e+03
 1.43898000e+03
 1.44004000e+03
 1.49439000e+03
 1.51881000e+03
 1.53753000e+03
 1.51987000e+03
 1.49745000e+03
 1.41106000e+03
 1.43866000e+03
 1.42418000e+03
 1.44109000e+03
 1.45241000e+03
 1.43993000e+03
 1.46763000e+03
 1.50052000e+03
 1.50031000e+03
 1.44458000e+03
 1.50496000e+03
 1.53372000e+03
 1.51691000e+03
 1.49682000e+03
 1.49090000e+03
 1.46531000e+03
 1.54831000e+03
 1.59219000e+03
 1.61672000e+03
 1.65712000e+03
 1.68450000e+03
 1.67562000e+03
 1.71887000e+03
 1.71263000e+03
 1.73843000e+03
 1.74879000e+03
 1.76201000e+03
 1.80282000e+03
 1.75566000e+03
 1.78178000e+03
 1.70269000e+03
 1.71876000e+03
 1.70174000e+03
 1.76021000e+03
 1.75207000e+03
 1.66029000e+03
 1.71971000e+03
 1.74752000e+03
 1.77142000e+03
 1.81276000e+03
 1.82291000e+03
 1.80303000e+03
 1.83370000e+03
 1.84596000e+03
 1.83401000e+03
 1.87155000e+03
 1.88783000e+03
 1.96354000e+03
 1.94937000e+03
 1.97665000e+03
 1.90454000e+03
 1.85876000e+03
 1.86637000e+03
 1.90253000e+03
 1.90581000e+03
 1.88794000e+03
 1.81086000e+03
 1.53340000e+03
 1.37786000e+03
 1.47091000e+03
 1.43232000e+03
 1.45473000e+03
 1.44754000e+03
 1.38738000e+03
 1.41223000e+03
 1.46277000e+03
 1.49470000e+03
 1.46467000e+03
 1.53129000e+03
 1.45865000e+03
 1.44564000e+03
 1.48275000e+03
 1.50115000e+03
 1.52515000e+03
 1.54080000e+03
 1.57062000e+03
 1.59325000e+03
 1.60171000e+03
 1.59959000e+03
 1.60530000e+03
 1.54609000e+03
 1.58352000e+03
 1.61990000e+03
 1.53457000e+03
 1.57485000e+03
 1.55751000e+03
 1.51712000e+03
 1.50686000e+03
 1.52019000e+03
 1.58965000e+03
 1.61641000e+03
 1.63544000e+03
 1.64263000e+03
 1.61916000e+03
 1.62582000e+03
 1.61006000e+03
 1.61313000e+03
 1.57274000e+03
 1.62867000e+03
 1.56734000e+03
 1.56111000e+03
 1.56417000e+03
 1.56798000e+03
 1.59008000e+03
 1.60858000e+03
 1.61397000e+03
 1.60752000e+03
 1.62434000e+03
 1.63650000e+03
 1.65141000e+03
 1.67456000e+03
 1.66008000e+03
 1.62751000e+03
 1.57506000e+03
 1.60097000e+03
 1.62730000e+03
 1.65098000e+03
 1.63597000e+03
 1.64665000e+03
 1.64749000e+03
 1.66071000e+03
 1.67752000e+03
 1.70248000e+03
 1.71643000e+03
 1.76021000e+03
 1.77311000e+03
 1.74689000e+03
 1.72933000e+03
 1.71020000e+03
 1.74942000e+03
 1.76232000e+03
 1.72785000e+03
 1.73674000e+03
 1.76000000e+03
 1.77152000e+03
 1.81551000e+03
 1.81604000e+03
 1.82238000e+03
 1.80948000e+03
 1.87134000e+03
 1.88181000e+03
 1.89111000e+03
 1.92801000e+03
 1.91205000e+03
 1.89460000e+03
 1.92304000e+03
 1.89534000e+03
 1.94715000e+03
 1.97834000e+03
 1.98934000e+03
 2.02783000e+03
 2.04284000e+03
 2.03692000e+03
 2.02846000e+03
 2.06093000e+03
 2.05321000e+03
 2.03322000e+03
 2.03491000e+03
 2.02825000e+03
 2.09339000e+03
 2.09159000e+03
 2.00182000e+03
 2.00393000e+03
 1.99674000e+03
 1.98236000e+03
 1.99590000e+03
 2.00066000e+03
 2.01165000e+03
 2.03883000e+03
 2.06198000e+03
 2.00414000e+03
 2.03745000e+03
 2.09148000e+03
 2.03143000e+03
 1.97581000e+03
 1.93119000e+03
 1.91913000e+03
 1.94884000e+03
 1.93721000e+03
 1.91459000e+03
 1.93573000e+03
 1.96428000e+03
 1.96333000e+03
 1.97538000e+03
 1.98543000e+03
 1.98057000e+03
 1.98331000e+03
 1.97655000e+03
 1.92759000e+03
 1.93859000e+03
 1.98247000e+03
 2.04221000e+03
 2.07087000e+03
 2.08038000e+03
 2.10576000e+03
 2.10417000e+03
 2.07076000e+03
 2.04993000e+03
 2.05606000e+03
 2.08419000e+03
 2.11295000e+03
 2.06293000e+03
 2.05532000e+03
 1.96037000e+03
 1.97242000e+03
 1.84216000e+03
 1.87980000e+03
 1.88138000e+03
 1.87250000e+03
 1.83888000e+03
 1.77131000e+03
 1.80599000e+03
 1.74435000e+03
 1.72976000e+03
 1.80388000e+03
 1.75704000e+03
 1.77078000e+03
 1.84702000e+03
 1.82640000e+03
 1.83888000e+03
 1.90443000e+03
 1.90591000e+03
 1.90697000e+03
 1.90962000e+03
 1.88868000e+03
 1.80779000e+03
 1.82926000e+03
 1.90496000e+03
 1.96693000e+03
 2.06590000e+03
 2.12722000e+03
 2.10692000e+03
 2.12257000e+03
 2.17322000e+03
 2.16339000e+03
 2.12860000e+03
 2.17100000e+03
 2.19299000e+03
 2.16148000e+03
 2.25443000e+03
 2.21171000e+03
 2.19965000e+03
 2.19014000e+03
 2.13695000e+03
 2.17755000e+03
 2.21403000e+03
 2.22979000e+03
 2.18432000e+03
 2.17586000e+03
 2.15218000e+03
 2.16201000e+03
 2.17681000e+03
 2.21086000e+03
 2.19606000e+03
 2.24523000e+03
 2.26013000e+03
 2.25887000e+03
 2.26162000e+03
 2.29630000e+03
 2.26225000e+03
 2.23328000e+03
 2.24406000e+03
 2.24723000e+03
 2.25855000e+03
 2.19881000e+03
 2.28445000e+03
 2.26077000e+03
 2.28900000e+03
 2.27652000e+03
 2.31956000e+03
 2.21446000e+03
 2.20166000e+03
 2.22186000e+03
 2.20494000e+03
 2.23571000e+03
 2.35382000e+03
 2.42318000e+03
 2.43439000e+03
 2.45141000e+03
 2.43397000e+03
 2.39643000e+03
 2.42001000e+03
 2.43767000e+03
 2.38808000e+03
 2.42382000e+03
 2.39664000e+03
 2.36376000e+03
 2.38903000e+03
 2.38321000e+03
 2.36238000e+03
 2.30423000e+03
 2.42297000e+03
 2.38353000e+03
 2.39580000e+03
 2.42731000e+03
 2.42604000e+03
 2.42075000e+03
 2.40182000e+03
 2.41768000e+03
 2.37232000e+03
 2.34155000e+03
 2.34536000e+03
 2.39759000e+03
 2.38427000e+03
 2.42350000e+03
 2.39104000e+03
 2.45258000e+03
 2.45617000e+03
 2.43185000e+03
 2.43629000e+03
 2.40531000e+03
 2.43206000e+03
 2.42244000e+03
 2.44327000e+03
 2.42583000e+03
 2.42625000e+03
 2.35625000e+03
 2.38321000e+03
 2.41715000e+03
 2.44158000e+03
 2.42974000e+03
 2.45924000e+03
 2.46230000e+03
 2.49678000e+03
 2.50322000e+03
 2.53177000e+03
 2.50872000e+03
 2.54827000e+03
 2.54996000e+03
 2.52871000e+03
 2.51782000e+03
 2.52596000e+03
 2.55303000e+03
 2.60590000e+03
 2.60040000e+03
 2.52437000e+03
 2.56413000e+03
 2.61605000e+03
 2.65781000e+03
 2.61520000e+03
 2.61076000e+03
 2.63730000e+03
 2.58337000e+03
 2.61943000e+03
 2.59130000e+03
 2.55779000e+03
 2.59818000e+03
 2.60177000e+03
 2.61023000e+03
 2.64238000e+03
 2.64629000e+03
 2.59871000e+03
 2.60748000e+03
 2.58972000e+03
 2.63392000e+03
 2.59775000e+03
 2.63656000e+03
 2.61806000e+03
 2.62080000e+03
 2.63212000e+03
 2.64333000e+03
 2.67378000e+03
 2.70000000e+03
 2.71618000e+03
 2.67685000e+03
 2.70339000e+03
 2.67801000e+03
 2.70265000e+03
 2.70962000e+03
 2.71481000e+03
 2.73098000e+03
 2.72231000e+03
 2.71216000e+03
 2.71290000e+03
 2.71544000e+03
 2.69768000e+03
 2.69916000e+03
 2.72771000e+03
 2.70085000e+03
 2.72961000e+03
 2.75625000e+03
 2.74187000e+03
 2.77423000e+03
 2.78036000e+03
 2.77307000e+03
 2.83069000e+03
 2.77983000e+03
 2.77613000e+03
 2.76112000e+03
 2.72242000e+03
 2.73627000e+03
 2.75277000e+03
 2.75213000e+03
 2.61531000e+03
 2.62926000e+03
 2.61658000e+03
 2.58697000e+03
 2.63423000e+03
 2.65136000e+03
 2.58538000e+03
 2.65115000e+03
 2.66521000e+03
 2.67357000e+03
 2.67600000e+03
 2.68721000e+03
 2.64312000e+03
 2.60875000e+03
 2.60685000e+03
 2.62070000e+03
 2.64026000e+03
 2.64174000e+03
 2.69186000e+03
 2.68784000e+03
 2.71110000e+03
 2.73447000e+03
 2.77021000e+03
 2.74684000e+03
 2.73310000e+03
 2.69323000e+03
 2.71079000e+03
 2.64724000e+03
 2.71058000e+03
 2.73141000e+03
 2.68478000e+03
 2.70666000e+03
 2.69641000e+03
 2.69323000e+03
 2.60304000e+03
 2.62662000e+03
 2.61013000e+03
 2.62577000e+03
 2.65337000e+03
 2.65707000e+03
 2.65887000e+03
 2.66162000e+03
 2.70656000e+03
 2.69006000e+03
 2.70688000e+03
 2.76683000e+03
 2.78290000e+03
 2.78131000e+03
 2.78893000e+03
 2.76609000e+03
 2.81420000e+03
 2.83165000e+03
 2.87436000e+03
 2.89170000e+03
 2.89763000e+03
 2.88367000e+03
 2.92353000e+03
 2.96001000e+03
 2.98613000e+03
 2.99786000e+03
 3.00273000e+03
 3.02874000e+03
 3.03424000e+03
 3.04894000e+03
 3.08341000e+03
 3.08415000e+03
 3.10032000e+03
 3.17138000e+03
 3.11830000e+03
 3.17497000e+03
 3.17381000e+03
 3.17275000e+03
 3.17043000e+03
 3.16165000e+03
 3.18692000e+03
 3.23969000e+03
 3.28187000e+03
 3.32364000e+03
 3.29181000e+03
 3.29625000e+03
 3.28325000e+03
 3.32322000e+03
 3.28536000e+03
 3.28864000e+03
 3.33654000e+03
 3.34627000e+03
 3.38053000e+03
 3.42578000e+03
 3.49811000e+03
 3.50170000e+03
 3.42176000e+03
 3.46956000e+03
 3.51714000e+03
 3.39850000e+03
 3.43953000e+03
 3.50752000e+03
 3.59539000e+03
 3.66189000e+03
 3.69393000e+03
 3.65492000e+03
 3.64392000e+03
 3.69531000e+03
 3.61474000e+03
 3.68177000e+03
 3.68061000e+03
 3.71994000e+03
 3.60490000e+03
 3.64328000e+03
 3.68981000e+03
 3.71698000e+03
 3.65830000e+03
 3.77102000e+03
 3.84556000e+03
 3.79005000e+03
 3.84228000e+03
 3.79259000e+03
 3.75706000e+03
 3.76287000e+03
 3.81046000e+03
 3.71931000e+03
 3.59613000e+03
 3.55351000e+03
 3.62362000e+03
 3.74765000e+03
 3.73929000e+03
 3.76541000e+03
 3.77260000e+03
 3.72587000e+03
 3.78540000e+03
 3.84292000e+03
 3.86258000e+03
 3.91799000e+03
 3.92655000e+03
 3.96018000e+03
 3.97477000e+03
 3.94104000e+03
 4.05555000e+03
 4.09108000e+03
 4.15336000e+03
 4.20285000e+03
 4.15791000e+03
 4.11889000e+03
 4.07268000e+03
 4.18551000e+03
 4.11879000e+03
 4.17927000e+03
 4.28278000e+03
 4.36484000e+03
 4.29389000e+03
 4.32191000e+03
 4.43970000e+03
 4.49986000e+03
 4.46359000e+03
 4.44805000e+03
 4.47840000e+03
 4.37319000e+03
 4.39201000e+03
 4.18054000e+03
 4.23256000e+03
 4.24800000e+03
 4.27929000e+03
 4.40861000e+03
 4.49331000e+03
 4.60592000e+03
 4.61237000e+03
 4.64885000e+03
 4.65434000e+03
 4.79519000e+03
 4.89997000e+03
 4.89458000e+03
 4.98773000e+03
 5.00169000e+03
 5.13080000e+03
 5.13365000e+03
 5.21888000e+03
 5.25514000e+03
 5.05868000e+03
 5.13566000e+03
 5.03362000e+03
 5.11462000e+03
 5.08205000e+03
 5.21507000e+03
 5.22628000e+03
 5.29828000e+03
 5.38806000e+03
 5.35972000e+03
 5.37991000e+03
 5.10637000e+03
 5.24214000e+03
 5.04293000e+03
 5.22237000e+03
 5.25842000e+03
 5.39419000e+03
 5.36828000e+03
 5.35655000e+03
 5.20566000e+03
 5.40519000e+03
 5.35221000e+03
 5.30114000e+03
 5.37040000e+03
 5.38436000e+03
 5.53619000e+03
 5.61201000e+03
 5.68053000e+03
 5.71383000e+03
 5.75697000e+03
 5.89274000e+03
 5.98071000e+03
 6.05621000e+03
 6.09480000e+03
 6.06594000e+03
 6.16205000e+03
 6.19219000e+03
 6.00905000e+03
 6.07535000e+03
 6.12430000e+03
 6.11828000e+03
 5.96284000e+03
 5.93641000e+03
 6.07323000e+03
 6.01275000e+03
 6.10295000e+03
 6.19198000e+03
 6.28450000e+03
 6.29655000e+03
 6.22592000e+03
 5.99975000e+03
 5.75222000e+03
 5.76755000e+03
 5.81608000e+03
 5.70516000e+03
 5.23008000e+03
 5.29289000e+03
 5.47772000e+03
 5.57183000e+03
 5.33413000e+03
 5.12488000e+03
 5.25493000e+03
 5.59773000e+03
 5.57923000e+03
 5.86990000e+03
 5.85108000e+03
 5.95787000e+03
 6.14376000e+03
 6.04595000e+03
 6.07767000e+03
 5.95185000e+03
 6.22740000e+03
 6.28365000e+03
 6.46066000e+03
 6.24611000e+03
 6.30290000e+03
 6.21820000e+03
 6.32922000e+03
 6.11807000e+03
 6.13646000e+03
 6.25510000e+03
 6.15973000e+03
 6.41276000e+03
 6.45685000e+03
 6.30818000e+03
 6.38220000e+03
 6.51585000e+03
 6.61567000e+03
 6.70068000e+03
 6.77057000e+03
 6.77290000e+03
 6.84839000e+03
 6.76232000e+03
 6.60689000e+03
 6.56100000e+03
 6.65384000e+03
 6.68440000e+03
 6.66938000e+03
 6.85315000e+03
 6.94134000e+03
 6.92474000e+03
 6.84628000e+03
 6.77142000e+03
 6.49713000e+03
 6.45230000e+03
 6.59431000e+03
 6.76676000e+03
 6.52706000e+03
 6.57549000e+03
 6.43380000e+03
 6.35650000e+03
 6.19874000e+03
 6.44892000e+03
 6.26060000e+03
 6.27858000e+03
 6.32457000e+03
 6.57115000e+03
 6.65109000e+03
 6.81488000e+03
 6.76328000e+03
 6.71189000e+03
 6.70702000e+03
 6.68186000e+03
 6.70544000e+03
 6.83095000e+03
 6.56703000e+03
 6.76655000e+03
 6.82397000e+03
 6.64485000e+03
 6.61842000e+03
 6.52378000e+03
 6.39679000e+03
 6.22402000e+03
 6.33874000e+03
 6.25151000e+03
 6.39732000e+03
 6.80145000e+03
 6.86616000e+03
 6.87853000e+03
 6.91786000e+03
 6.69603000e+03
 6.91850000e+03
 6.68165000e+03
 6.64411000e+03
 6.88329000e+03
 6.71622000e+03
 6.80525000e+03
 6.93510000e+03
 6.94409000e+03
 6.86214000e+03
 6.81170000e+03
 6.81900000e+03
 6.99061000e+03
 6.94641000e+03
 6.81805000e+03
 6.87620000e+03
 6.98469000e+03
 7.04475000e+03
 7.10787000e+03
 7.08926000e+03
 7.13156000e+03
 7.13959000e+03
 6.91353000e+03
 6.93690000e+03
 7.03301000e+03
 6.77163000e+03
 6.60974000e+03
 6.73018000e+03
 7.02624000e+03
 6.99769000e+03
 6.88445000e+03
 6.62402000e+03
 6.73991000e+03
 6.82767000e+03
 6.90782000e+03
 6.60826000e+03
 6.91162000e+03
 6.96883000e+03
 6.80240000e+03
 6.85241000e+03
 6.93912000e+03
 7.01715000e+03
 6.97443000e+03
 6.89439000e+03
 6.65870000e+03
 6.62909000e+03
 6.72183000e+03
 6.27826000e+03
 6.08138000e+03
 6.23914000e+03
 6.05568000e+03
 6.29137000e+03
 6.61937000e+03
 6.59272000e+03
 6.75482000e+03
 6.72796000e+03
 6.90179000e+03
 6.90359000e+03
 6.74720000e+03
 6.82058000e+03
 6.69021000e+03
 6.61408000e+03
 6.51342000e+03
 6.56523000e+03
 6.37829000e+03
 6.50845000e+03
 6.41106000e+03
 6.52558000e+03
 6.39097000e+03
 6.40662000e+03
 6.36295000e+03
 6.27583000e+03
 6.22232000e+03
 6.00672000e+03
 5.59752000e+03
 5.54656000e+03
 5.88058000e+03
 5.91991000e+03
 5.89930000e+03
 5.89041000e+03
 5.77685000e+03
 6.01095000e+03
 6.12727000e+03
 6.12811000e+03
 6.08201000e+03
 6.25246000e+03
 6.08402000e+03
 6.18690000e+03
 6.22402000e+03
 6.24421000e+03
 6.20741000e+03
 6.08159000e+03
 6.10760000e+03
 6.03274000e+03
 5.89813000e+03
 6.09142000e+03
 6.01793000e+03
 6.12430000e+03
 6.37712000e+03
 6.34836000e+03
 6.36930000e+03
 6.34265000e+03
 6.24569000e+03
 6.31590000e+03
 6.27530000e+03
 6.14471000e+03
 6.13646000e+03
 6.12452000e+03
 6.12790000e+03
 6.10083000e+03
 6.03020000e+03
 5.92087000e+03
 5.77918000e+03
 5.79779000e+03
 5.54328000e+03
 5.42686000e+03
 5.25451000e+03
 5.12128000e+03
 4.79149000e+03
 5.19561000e+03
 5.00708000e+03
 5.22332000e+03
 5.37970000e+03
 5.24309000e+03
 5.11800000e+03
 5.20576000e+03
 4.98752000e+03
 4.81189000e+03
 4.76209000e+03
 4.45249000e+03
 4.88834000e+03
 5.05900000e+03
 5.02728000e+03
 5.18229000e+03
 4.95802000e+03
 5.12223000e+03
 5.24764000e+03
 5.15543000e+03
 5.10521000e+03
 5.03796000e+03
 5.03659000e+03
 5.14600000e+03
 5.12419000e+03
 5.17145000e+03
 4.96298000e+03
 4.86596000e+03
 4.80786000e+03
 4.64971000e+03
 4.76345000e+03
 4.65398000e+03
 4.67375000e+03
 4.48670000e+03
 4.84537000e+03
 4.84398000e+03
 4.89797000e+03
 4.87057000e+03
 4.93260000e+03
 5.13512000e+03
 5.13156000e+03
 5.22670000e+03
 5.27947000e+03
 5.22322000e+03
 5.37773000e+03
 5.55842000e+03
 5.64677000e+03
 5.70606000e+03
 5.52335000e+03
 5.59055000e+03
 5.61717000e+03
 5.55251000e+03
 5.53862000e+03
 5.55753000e+03
 5.46091000e+03
 5.56962000e+03
 5.64514000e+03
 5.60573000e+03
 5.75980000e+03
 5.70823000e+03
 5.78709000e+03
 5.71262000e+03
 5.76832000e+03
 5.85534000e+03
 5.93561000e+03
 5.85813000e+03
 5.95239000e+03
 5.96658000e+03
 6.01894000e+03
 5.96713000e+03
 6.06877000e+03
 6.14278000e+03
 6.10865000e+03
 6.21599000e+03
 6.33245000e+03
 6.44030000e+03
 6.52530000e+03
 6.55981000e+03
 6.65832000e+03
 6.55597000e+03
 6.52610000e+03
 6.75105000e+03
 6.71914000e+03
 6.67027000e+03
 6.71833000e+03
 6.59172000e+03
 6.56772000e+03
 6.37567000e+03
 6.59906000e+03
 6.67540000e+03
 6.55117000e+03
 6.54677000e+03
 6.50021000e+03
 6.55402000e+03
 6.31114000e+03
 6.28716000e+03
 6.43514000e+03
 6.50634000e+03
 6.52552000e+03
 6.53537000e+03
 6.60234000e+03
 6.60299000e+03
 6.51871000e+03
 6.48880000e+03
 6.39021000e+03
 6.35777000e+03
 6.38506000e+03
 6.27860000e+03
 6.38673000e+03
 6.43179000e+03
 6.46986000e+03
 6.53409000e+03
 6.54632000e+03
 6.54856000e+03
 6.56068000e+03
 6.71743000e+03
 6.55653000e+03
 6.53948000e+03
 6.66587000e+03
 6.78740000e+03
 6.89122000e+03
 7.01346000e+03
 7.01635000e+03
 7.09732000e+03
 7.02997000e+03
 7.15965000e+03
 7.19014000e+03
 7.24224000e+03
 7.05521000e+03
 7.07564000e+03
 7.05927000e+03
 7.04640000e+03
 7.16939000e+03
 7.16199000e+03
 7.30676000e+03
 7.24328000e+03
 7.34314000e+03
 7.35474000e+03
 7.26447000e+03
 7.12718000e+03
 7.15850000e+03
 7.19118000e+03
 7.13399000e+03
 6.93760000e+03
 7.01021000e+03
 7.12469000e+03
 7.07986000e+03
 7.11312000e+03
 7.12924000e+03
 7.19065000e+03
 7.18057000e+03
 7.25639000e+03
 7.32009000e+03
 7.26231000e+03
 7.25187000e+03
 7.40083000e+03
 7.45341000e+03
 7.46544000e+03
 7.56654000e+03
 7.52839000e+03
 7.46177000e+03
 7.41742000e+03
 7.49609000e+03
 7.62524000e+03
 7.57729000e+03
 7.51502000e+03
 7.57510000e+03
 7.43636000e+03
 7.32274000e+03
 7.36307000e+03
 7.33477000e+03
 7.50982000e+03
 7.50099000e+03
 7.51898000e+03
 7.74334000e+03
 7.64528000e+03
 7.73128000e+03
 7.85218000e+03
 7.80675000e+03
 7.79576000e+03
 7.96294000e+03
 8.06351000e+03
 7.95301000e+03
 7.96949000e+03
 8.11222000e+03
 7.97491000e+03
 8.01976000e+03
 8.12820000e+03
 8.13063000e+03
 8.02609000e+03
 8.23669000e+03
 8.25588000e+03
 8.24938000e+03
 8.36917000e+03
 8.22055000e+03
 8.43125000e+03
 8.42986000e+03
 8.49723000e+03
 8.63159000e+03
 8.19938000e+03
 8.06293000e+03
 8.18911000e+03
 8.03706000e+03
 7.78033000e+03
 7.95346000e+03
 7.92970000e+03
 8.16394000e+03
 8.11318000e+03
 8.07665000e+03
 8.16426000e+03
