-0.16756543890442643
1.6409959494604176
1.3781291473939408
-0.20288578235642563
1.378862429921661
-0.9681292582879837
-0.022655711968207558
0.5201075773087548
1.5047630021727734
0.8309926962272141
0.17104327023661164
1.6238208612431952
-0.28603080460601354
-0.4731198798828781
0.4373747456117635
-0.45557987496808183
0.7213440298181457
0.3165030438387097
-0.24553515750161922
-0.5592339575374121
-0.3986490247169329
-1.606160636248856
-0.1189378384523034
-0.3758975779927525
0.5978886328778744
-0.719788005416329
0.5419761243280934
-0.3243488326651035
-0.1858999545380076
0.2799207645472138
0.08774807702554176
0.5678125105133637
-0.015190510776143744
-0.6287473080934771
-0.6055903530986465
-0.41276621425808524
0.5185026955967338
0.020918981093898188
-0.19655747731741818
-0.20704949364803316
-0.03052832399378535
-0.14117153239269092
-0.23443896170518558
-0.31348636171354133
0.18100401950596515
0.05692159273981947
0.6433027039949831
0.06982808782633063
-0.5135058454497894
0.14675718168664315
0.35880077098423185
0.1946193765703857
0.966883389706301
-0.2636811781938808
-0.4808567702426719
-0.7499531126065168
0.8913519460249659
-0.02525901266069993
0.5255060957947205
-0.6058274967278177
-0.315069256698868
0.0724329874427239
-0.06208984890341159
-0.1277632980505548
0.5726251442974176
-0.6800156013839342
-0.533264138138642
0.16943063383333182
0.26738223561196595
0.13288786823615806
0.3561170809798351
0.1631859207390359
0.18427716062234784
0.24332244715635956
0.20229467680479465
-0.36488705826443785
0.7229777344646733
0.2137777989148144
0.702035832004189
-0.10550489778587287
0.28193573579594744
0.05991512265186808
-0.06604670346764444
-1.3176119761476344
0.6038900279208629
-0.16534955083070363
-0.47102295273056727
-0.16162414619928542
2.0435582535358123
-0.38744931609349803
2.275491832789888
0.5258396753233721
0.38351097092927605
0.5010697456038723
-0.36663542620133116
0.9862947699015162
0.38043953335805614
-0.8274232465049878
0.8959143935145476
-1.0765020070404634
-1.164699046320421
-1.514271446059151
-0.14023518010918462
-1.0753598660076025
-0.10756077680248986
0.010214572981178768
-0.3801452337569164
-0.35737800249888996
-0.9150376344791981
-0.18321630320461532
0.17069977895730473
-0.8319592179682324
-0.9256785914856881
-0.1815548836199566
0.12432910289217054
-0.8724844816091789
0.29401484663954525
-0.07423854322851788
1.3281856653965514
1.1350568749541166
-0.1409852499038169
0.28935449030238586
1.953908807092052
0.33954869628953505
-0.6198238433816747
3.9321814693315007
-0.3180665758699609
1.0446158695865337
0.7688399052907042
-2.1555479006951765
-0.2616977382763431
-0.4371329983568894
-0.9830424026341461
-1.8433740498790756
1.907519216129056
-1.6225308945881531
-0.9914172409921136
0.9313480054898107
0.5389978435380139
-1.533490432628549
2.6155773025199887
-0.5419042472594892
1.303572721250105
0.7153928694342772
0.9347179994175258
-0.20244309808429795
0.3392938887775234
-0.37891048641128444
0.32577901399400144
0.24637494517459885
-0.005498449058905794
0.38965540437665547
-0.27444877684868535
1.0468381119382009
0.200209610835294
-1.2932536272166415
1.2527764844376552
-0.12809077025405893
2.2269039346777233
0.11654268670061452
-1.0617587243286348
-1.10544438138069
-0.4137819385233048
0.12979355382841895
-0.8513362789697545
-0.24769918871270077
-0.2713358472493037
0.1864738815414142
0.3820587472270703
-0.5110618875031081
0.19675267804371266
1.6840387137916502
1.3016201669916445
0.9736765699437806
-0.8445951829700062
-1.08293331086324
0.4922817292642685
-1.2283444683594567
1.1989924622429915
-0.6231244212290618
-0.47541825810037724
1.5776019354280435
1.0435361327992936
1.2432342592480512
-0.6370805199778545
0.19309331939426413
-1.9214539800822799
0.3725641300015608
-1.3457520216815664
-0.5888728158927874
-0.9012159470581016
0.13455168790458763
0.6060429787425577
0.8859571537572432
0.6913292899989067
1.0305426824464872
1.0369140064654803
1.217143260427674
-0.7509054521569068
0.34109800990769723
-0.24545623272619801
-0.2370087532916991
-0.261616120614966
-1.2355587130145673
-0.3626026783556282
0.5207504031684149
-0.5289848721499403
0.3324623178289219
0.09550212849574836
-0.20889806903052158
-0.6060373314136726
-0.5271632361898239
0.2996684258205282
1.3345333305629434
-0.1697313501930118
0.12710206188213702
0.19087377226149269
-1.0024218462147134
0.9700991543414544
0.6397828735941551
-0.03906366377432541
-0.03924945930405699
0.27505440128450587
0.41786257402826216
-0.17806446263571638
3.019681569521375
-0.7606310222840513
1.4033596554898902
0.19552122385434023
-0.31434069559461375
-1.0649145577294685
-0.4370346163092554
0.6117135110727712
-1.1746175816213964
-2.5233148198235757
1.119001756729441
0.041820718964574156
-0.35667418870745127
-0.2109820050616627
-1.1631249817922014
0.0186955678883882
-0.44318523025465495
-0.2445993201161921
0.3416025000814162
0.11298322105872496
0.02001187467978481
-0.21105773801821184
-0.8314724001097027
0.003953534297720328
-0.01567544914004301
0.45684907526683266
0.65431103150915
-0.46140497301596234
-0.30668244495244107
0.40832482990996993
-0.7952108136931524
0.5509063258662037
-0.5897512636053679
-0.045420491435063985
-0.21266148271261412
0.001252256453136423
-0.1946399620554572
0.45037350025041045
0.23364126665655874
-0.5047407286359482
-0.19863228890013956
-0.46853896868146444
-0.9957107248857446
0.04320691049669771
-0.28665353142403416
-0.08035294156399832
0.9138554605445142
-1.08556459126895
0.3608390484139502
-0.5411774787181526
0.2347921500345567
-0.07621610370758022
0.328256486145078
-0.3042158683753087
-0.0893623196133834
-1.1727204526609174
0.42569719219464497
-0.351123393733079
0.8282114005273347
0.6426659655185578
1.0417041038086106
0.41947201755818336
-0.12679364926677028
-0.32788405138775056
0.4916960316557607
0.49475238185622017
-0.08297356139773379
-0.7189387525439382
0.4027950653254635
-0.09715216902067414
-0.2014264929088597
0.0938897217025928
-0.29279745096891424
0.04422642072784652
-0.5169069219403988
0.3431500269335487
-0.6960806148306622
-1.4204777315703911
0.2590463011160413
0.07682806694899277
0.23040191383086855
0.19058152055621072
0.20935222059687844
0.17189506033319255
-0.28100502340909317
-0.08962943622171048
-0.10025004224578632
0.3256848899942901
0.17847953331495856
-0.02443789969879053
-0.017728344281753045
0.5740036017128584
0.05681291829515002
0.3240529589752294
0.10730348075088905
-0.2963408182281695
-0.6008117090423257
0.4066779669128868
0.24472696187007728
-0.32889765446189556
0.30781606305635384
-0.5104760855970508
0.41276252946596187
1.5251351754030087
-0.4902646154549204
0.7064312508796335
-0.26658446814650016
0.18020654064638303
1.0281963522764104
-0.5804776540715
-0.9830639506204661
-1.199801396447123
0.13009827591590797
0.8167313061191719
-0.2854853232635308
-0.49617321117665303
-1.4476683685032121
-0.6668035814432345
0.27342629632222876
0.3126200730317285
-0.29865874336794196
1.1977180573013344
-0.4943057350521943
-0.01434760670706858
0.08523827701321145
0.5370223330863458
0.1896118532341614
-0.7356737352887494
1.3463380468551958
-0.9417828324369613
0.7947881505100576
-0.3750033927841594
-0.10436230774223253
0.0028724922739316126
0.6880170185117529
-0.26632001931183596
-0.36176636656699973
0.5672100144077646
-0.9837090502691551
-0.05172334882953353
-1.1341045482033938
0.366209961499543
0.6619242102945987
-0.14418666780872832
0.27139833229016336
0.01840584769297107
-0.14125090216330075
1.1464641702907408
-1.0250026980438354
-1.8034094613208347
-0.2730067050332355
0.45324632907562745
0.09219866092270693
1.3123912585886373
-1.1526468589088859
0.5657570249898106
-1.0690709988542513
-0.09989953678241519
0.05483850683124125
0.5556170808490044
-0.09861350608344553
-0.1466471610553297
0.38642496062591325
-0.3208326866659495
-1.0024552386035548
-0.5386171838611745
0.19649991745454207
1.2349960288570647
0.6256863294428456
-0.10171233007869673
-0.5319354873785062
0.5994128733831183
1.1548756137732608
0.34971094267518826
1.060847878371229
-0.5180924936050352
-0.4521412269220352
-0.006692473313232982
0.0004420332671373168
0.11772889734386009
-0.47412764525631235
-1.4877128423914157
-1.0906550736497658
0.28088146004796244
-0.80365436165889
0.3542177590182025
-0.2952194352547837
-0.2769765145691547
-1.1360572471830632
-0.5761108190393364
0.4424377719285419
0.3248267044230754
0.5567053913653062
1.62434072084747
-0.8371271638339673
0.20705593940006015
0.24223838514318477
-0.5823604543164385
-0.9031187470990064
0.22701874221342672
0.12431232970924697
0.5076149125958342
-0.7711462970295749
-0.06920665721290259
0.11033730887064573
0.14523656980609576
-1.3166584547450495
1.2722730730983693
0.8026123783405978
4.279716374733244
-1.0190479371020031
0.2611971555830605
0.5363348572046757
1.021380155911038
1.0771358863685268
1.0391691970972825
0.44540300371758884
-1.733361694488287
0.04607467689652959
-0.9355412622370097
-0.8577668287775319
0.005673484023297171
-0.2981818565373705
-1.6028973354518246
-0.26034238308450974
0.5607640035724621
-0.5013528058395389
0.5543617818203646
-0.7625501681423253
-0.12555499829109681
0.09504205260555952
0.1457981149968842
-1.1744907208961766
0.22049845838590934
0.3555608649311396
-0.3859868368348792
-0.21041637227743082
-0.015267698807536643
0.19912178122421853
0.03199390681316921
0.023471367104863545
0.028383269669661548
-0.5142177788849461
-0.2950304107580535
0.029505208950650768
-0.07622938197758593
-0.08396584033106497
0.4620425231719358
-0.2763087681609147
-0.2567733020290749
-0.2951287030299426
0.3262041418146797
-0.44555240520491673
0.5876403525106155
-0.04501289978720769
0.006642580580239161
0.5955333279249365
0.3996992019810133
0.1529257665070852
-0.17696071825517942
-1.2445366244442204
-1.080303383924634
0.30534402222804596
0.30499312927742106
-0.19995830997453973
0.2690814666583743
0.3438930824609105
-1.3425679803485036
-0.537998306848525
0.5397753796205391
0.17171868812722646
-0.09801936355513668
-0.4413857183011224
-0.6954283921423573
0.14474010633880882
0.15878573870261056
-0.22990649456362133
-0.8759687381679616
0.11346852597437242
-1.2811875456866295
-0.34116369374522015
1.5377140084885672
0.5858885737151435
-0.14116143697331063
-0.8694180691428129
0.8703267411946846
-1.123934141458849
0.8113244455305423
0.5174942599553904
-0.38308050703150154
1.6227464850313884
-0.85515590546575
-0.02426790159552779
0.23209810517915513
0.818510434541824
0.15461048255855972
0.4642447290391653
-0.00240352191281021
0.16139877178332482
-0.8461488070308444
-0.868290156323074
0.8599733023484116
-0.6779439684628179
1.535425941760138
-1.044543979892199
1.7292014313781852
0.07980935174578364
0.8103400183621323
0.8648891539701156
-0.6819182160331804
-2.9587195220422724
0.8864286570052274
-1.4141094271764079
0.5260570296315522
-1.1843184396202688
0.3385549653070228
-0.5331440169151984
1.5243596776703598
0.6770430560313266
-0.06046208666875475
-0.852414321884553
0.4414850081053206
0.07376831079868244
-1.4348147412143586
-1.133489666820055
-0.07337097480578009
-0.16698085623674264
0.17521462319082845
-0.08295951968021717
0.042651080805672904
-0.3125097694963924
-0.46298662196041446
0.7534776894478562
-1.0495085563272264
1.126671321886051
-0.2713541968050232
0.7233621755292363
-0.4559593264363865
0.17489197866245793
1.2523751957206708
0.18984833303723733
-1.030633912853449
0.0754660766606828
-0.04498144615511379
0.07283681107594123
0.4702594594833293
0.9457010608537585
-1.3709833644081018
-0.09470640786592355
-0.6603885408117303
0.21145434180583464
-0.311105831666733
0.1260393901552802
-0.17120300542763353
0.3402714652852699
0.07656408812147815
-0.23104850783294764
-0.0635655274531897
-0.0927251219981044
0.352694658808501
0.31833039945467906
0.02547680283974325
-0.22166748372270004
-0.15500522258055568
-0.16379420597436825
0.4840529484570099
0.6292855358771563
0.09476777200197911
-0.16260301281648884
0.26177952993475767
0.015766577156551397
-0.4760495992905213
-0.08849255696831239
-0.06352460764385144
0.42272918239423835
-0.2922827835022946
-0.5901240252145588
-0.11123156634200666
-0.4241091005965043
0.16861799007063738
0.47838159885913883
0.347230330773207
-0.2691528621566231
0.09171424408622159
-0.31712085006981666
0.18809081993594387
-0.9519889674759213
-0.09574636328426812
0.5398215954884613
0.9647364722120064
-0.7806153511637755
1.1797347038610353
0.322080999522816
0.42409819783753716
0.6153977782495644
-0.7219869315860746
-0.13231116765427905
-0.11821867056091089
-1.3323290630397377
0.8795968242583428
0.7318197821913673
-0.36312064195644395
-1.0391809484030834
0.28723374459334244
-0.7809619987043865
-2.2358505984174233
-1.6600360180736586
0.8006634568354244
-0.3560522287973315
0.2087295244164029
0.10574820027344217
0.1839587989807228
-0.47176762609832334
-0.6589696000104197
-0.49671859493587356
0.20995530777870663
-0.2874743318708784
-0.4432281172082792
-0.12890137993185088
-0.7479798840824972
-0.14548466244946773
0.41760175001002
0.7306030877457369
-0.14528469831558066
-0.07827764789438905
0.27277205019991324
0.14601121346520235
0.046266101325761755
0.416073865858178
0.07729831860716008
0.9172798120893118
1.3343088566232957
1.044663426279676
1.2294148891759806
-0.28038798870865744
0.6584738721784112
1.0789136660063796
-0.46696349364060563
0.8542723583228213
-0.5060295957284326
1.4150694721315382
0.868330195647395
0.005053795488656884
0.012455684271817952
-0.16120508739253706
-0.3918878170362593
-0.3229603198920133
0.7680001400004485
0.013983455865298908
0.27692969316321836
0.3694228497303766
-0.7966061768871983
0.10358629758260206
0.9394815883712566
0.510695309638935
1.510919614891453
-0.3233951244397595
-0.8285992019081362
1.2092272697288382
0.039853080737983
0.4586500537648822
1.6666400686158795
0.5235753475645677
-0.46848141123393083
-0.4082871842053972
-0.24067488102117143
-0.8418434212935781
-1.1414291482871628
-0.09587808908299066
-0.06719009886897317
-0.20283249540643994
-0.12498798649692894
1.3013575387407939
0.6480418156998797
-0.3052597895785729
0.005022443831588999
0.18835746435412193
1.0523954660361907
-1.0529221379095273
0.8956231508038796
0.856666852361333
0.06352601756323009
-0.33609061273813867
-2.8191908203134237
1.2332131443740306
0.7918978176103182
-0.6906270940642616
-0.810477156032247
-0.24043282582890776
-0.13610235483681363
0.9259736274012359
-0.6476620296152854
-0.1367736703414763
1.4072397621420114
0.12357343858975159
1.212965415231229
1.4589591015661154
0.8008506014673658
-0.05162095307172498
-0.7292691226372423
-0.39241282467841315
1.083865488612965
-0.6274122326565709
-1.6106387150780004
0.8424376975191704
0.7051545130456136
-0.846995337184812
0.2721848181506012
-0.2764981738138422
-0.030778557482147088
-0.8329451267226525
0.5159877826195786
0.6367716943120725
0.35779471162118
1.3139541272578068
0.23517413353662303
-0.4793088132289052
-0.23193428424453147
-0.25553636928403933
-0.26872165847530244
0.09209045199796421
-0.10921033528804838
-0.11845417598266844
-0.5123360866507316
-0.07209050851770105
0.1900460466058571
0.24272239847824612
0.8577618697865416
0.6796585516087756
0.17724787228944414
0.2525205232751144
0.2833797640659515
0.1675089598836686
-0.2592599817458679
-1.0805222856174743
-0.09457445970389165
0.44816877264647015
-0.5401713044862286
-0.5248448284745687
-0.7143474821329021
-0.8404991457599016
-0.4810478610594076
-0.9330846393296978
-0.6962284677503912
-0.01264126001496021
-0.8039474271940794
-1.0491579784580516
0.1652536345690498
-0.6016532560995643
-1.8857000373896422
0.26663127377557067
0.41507463062776995
-0.9986426433246618
0.013557942802063367
0.8381974394043668
0.5214484546252084
0.9680428641309773
-0.8796687314383059
0.19301001686337102
-1.2152239016934225
0.23884581268742147
-0.27983426165775366
-0.6909128805648695
-0.7948078816926715
1.187720341090664
1.5455643983593275
1.2005664528603097
-2.631737958835418
-0.3010265852125155
-0.6992290709216983
0.2761338476566269
1.5171858992686005
0.027112245030530273
-1.912063380614093
0.5703154627126251
1.2657262267242364
-0.26685116397761655
0.5011825639131707
-0.5596204292315299
0.20342980234867505
-0.6022773063205371
0.8400374323887165
0.25661280980378204
-0.9038814722614371
-0.9831149136638014
0.6040029669277379
1.177774894696887
-0.8016849925061424
0.618576491247067
0.4728740382422689
-0.5389436748759702
-0.24976998206450332
1.098650613141259
0.374930697758441
-0.7377919837748256
1.1073824926465206
2.4986634366454767
1.2103430942886901
1.3267424197172817
-0.28758011646519693
-2.0678126139789774
0.3730497632336475
-0.3227840620334506
0.47742917818574154
-1.2435321121336997
0.2715087169880675
0.1611100742564209
0.24333746622882985
0.2842752455955645
0.22291443093525057
-0.02908578565693008
1.1239644318288358
-0.09308067858783574
-0.05747955613777862
0.08572026624506725
0.7350049098875548
0.23258087457402285
-0.123497333417492
0.03521821335105155
-0.22468419259136804
-0.7156945598488847
-1.2751236183213945
0.5404719636002473
0.8408300459213385
-0.6635727708999275
0.10837528212816198
0.7281611205567943
-0.14121582959508994
0.033027781162982786
1.4319776420852122
-0.3598349343974243
-0.01029556759479478
-0.4846274699842833
-1.1864090360415227
-0.44853529410225207
0.24946820452400972
0.39701452559586065
1.0858797105878732
-0.801310348318908
-0.07021860511648076
0.24955492634293672
-0.27788617155770756
-0.15856322982993412
0.2385588116620787
0.3906921066920593
0.005430826906402005
-0.38445535525756214
0.04526064426846169
0.6710664294435317
-0.3619161412870794
1.64004230138088
-1.0927844296154645
0.3959790456635581
1.1446265606750976
0.3896627481549955
-0.3156124374086915
0.18049691594063375
-0.07422651121458203
0.0562636212820757
-0.9381708425471734
-1.7344564410181849
-0.20072662502284006
0.25674718243785966
-0.021422348432640674
-0.2870784246085749
-0.7949863572629944
-0.8559683295532505
-1.7065253254387298
1.2180324749145408
0.08095857075872956
1.0052426362686377
-1.4244788135427435
0.9314783502224938
0.05540200925037003
0.19690363744611175
0.61080230814758
0.4699806399042173
0.0634228825233308
0.27842052664408606
0.00014135108689541394
-0.15871501809912994
1.2484696404298643
0.6512908505600065
0.026793449098187892
1.0604228249313683
-0.6247841324612
-0.10843852617365424
1.505012810912156
-0.5024377396824635
1.2968695479063095
-0.4199978047646864
-1.3288849130267417
-0.39246839059876143
-0.6070534597090402
-0.028589656214729357
-0.6508501291677083
0.92192252125355
0.4910686621432955
-0.7797369380599277
0.2830808873125368
0.4690359531033009
0.7260595617217781
0.38174085156490534
-1.2559025519182958
-0.26785939338718945
0.7326712596898045
-0.20035468108204538
-0.9022105461321128
1.0692862966658752
0.7040625653308595
0.23291587527166194
1.0975229677492235
-0.5443280285789558
-0.17138978080917078
0.3719292634761231
-0.016332600001380565
0.004799119883102577
0.3998584470798566
0.07208444437635933
0.15147052548448448
0.3633695525364902
0.297787654692396
-0.6201894622981983
-0.21344450495117293
0.28762858353743614
-0.2103547656420023
-1.0479475227161628
0.07370712760568449
1.196755112159773
-1.00770115242723
0.5892954346319476
-1.0428820289433607
1.039073217300467
-3.3443426423476046
-0.36967777584302897
0.18413056035895733
0.4547121730152655
-0.9634951830566664
-2.5479482494776913
1.6897786163595567
-0.5512968697846097
-1.1270633608619294
0.6913492000147906
-1.3705381576488969
3.6087630280866687
-0.923039067149253
2.4970081467006096
0.694912231255531
0.8624885432896636
0.3647049055382023
0.027558234214855103
-0.5048568495488386
-0.2302371563714838
-0.35485371660889914
0.3763459385670306
-1.506582888606198
-0.6779868363735095
0.3066615229984885
0.03692273830731616
0.9275656858281464
-0.2259590474381888
-0.04752741775812027
0.0363867207640947
-0.03319696397610201
0.12373537282772744
0.13000822130116446
0.44514891208940605
-0.9982130535693455
0.40366467576805737
-0.5626126775509978
-1.2922495956666504
0.5179951539108967
-1.0126490008098619
-1.1372004450646984
-0.9507212518740843
