60.83812454503811	41.750299881859455	1.9991081515189753
60.752036091338574	40.70742008363144	2.0452868361827483
60.70016787748242	41.25851976004054	2.1842247127884065
62.97780700532711	41.53408724245673	2.282616073816198
60.1494244129932	40.827611261642375	2.318623618476659
61.62889072581604	41.19956262867103	2.3218450455106976
61.93507490916858	41.971582610716375	2.3270098186218933
60.165880082983016	41.088604896992464	2.4081110761000457
61.6053157729632	40.40720430306341	2.4578479301515004
61.77394150281462	42.08191857862707	2.5456203771291204
62.56252936985204	41.7302136435174	2.7005467233088964
60.984907304359666	40.04770515312624	2.7805353809255746
61.460913979311876	40.91193655528549	2.786949734469197
62.20145912459753	42.5619582492439	2.850174290568093
60.52314624808547	40.80159069197179	2.9443008299912328
62.78271105757812	41.979957667566616	2.9779354756474263
60.41331959684141	41.51676293792714	2.98420178885979
60.85477678037015	40.81999032102189	3.08007211324297
61.77687391800105	42.61657816114263	3.098180298037853
61.01029935368101	42.22155421775771	3.1174639650705527
61.75163478863246	41.80770258169749	3.2496775590075386
62.14994493794308	42.61092712482782	3.2527656330571295
60.98810088301655	40.78474520801215	3.2563320964141464
60.26777628149729	41.68640283404116	3.2883616550319354
62.04640839692987	40.55193875722529	3.322738491428474
60.923635131522374	41.933002372959294	3.333864762775671
61.688308755322936	40.18350637588347	3.3400088052194064
61.48201405162236	42.448972143310456	3.369263557644556
62.86957529422317	42.21188083410784	3.371743157484985
61.06414365576399	40.79606581099365	3.3852357021701986
62.986339683604186	40.605340459962946	3.4504228909576677
62.981976560157385	42.64902756924762	3.454624178198083
62.29383891746841	41.3122022695621	3.471250812992511
62.53452473275979	41.83162944335512	3.494106534153994
61.78053397161981	41.5891010238455	3.5106877652891737
62.3296406900769	41.86721698244173	3.5518849417568576
60.310082184234126	42.617505534971436	3.5965408643727987
61.349096908450626	41.05773860082083	3.5985388080464484
61.984794137200936	42.28319951199824	3.613240749713384
62.14306997617271	41.65630227020857	3.6168630789977
60.93014988257846	42.654750307260386	3.6427213768487245
62.46113086150494	40.559749072912105	3.673148124486246
62.648037761897136	42.257141700041785	3.731974948005801
61.80222288034696	41.48097876487195	3.7886455911560573
62.13856502214095	41.79113385154318	3.8085399882586644
61.70915502534877	41.585919834284304	3.8628781440993114
61.286534180441336	41.115275284274	3.89489506656443
61.43657254470988	41.77838557812931	3.9001964163454326
61.43528770560213	41.12053174709564	3.923532239402945
62.82631026221459	43.0154585591881	3.9238784706243712
62.496786752987305	41.99452585133135	3.948216244721605
61.414219690007066	42.658467894293715	3.9575963887040824
61.98426284304226	42.909023185951995	3.9599664788787683
62.166532396029446	41.60799671920426	3.986407291662711
61.65047047103953	41.31521370351021	4.054259328118193
63.11164020796683	42.9017402823228	4.106272276451666
62.06665368466537	41.23006283844856	4.107654539297267
62.13426451681717	42.83597595305366	4.116118424693063
61.7649324534278	42.28288009636843	4.151842491532948
63.04467504303105	41.34259433845284	4.177566554194124
63.1944876475998	42.5462682478194	4.180776462075155
61.79202511042802	41.36571815339389	4.209597104955966
61.50162636176651	41.64487097808792	4.24426276485842
62.50411389291805	43.53589434418444	4.260332831786731
63.242112832372925	43.04246138248264	4.272217393691196
61.178870244278194	42.249393321454875	4.290229224864946
62.98998852516814	43.1128767317077	4.292230072622267
60.44243547036612	42.8095789007207	4.305013476862778
62.751827289944	42.22828637125934	4.305595794223823
63.643470509576666	41.87499487831994	4.311200961765715
63.525386589572186	41.985506911475916	4.35275670643461
62.41053060471421	43.823227754845504	4.361915528268308
62.23165434549532	41.32279079334775	4.383408593287883
61.18691945236591	41.02248770425606	4.396125995928105
62.77747596803119	40.7298605691363	4.407280433132023
63.946186241125474	43.165902997705466	4.432666581556769
61.356497774490826	43.12371034729395	4.4570102613716776
61.65017941719745	42.921191315269944	4.458411023288657
62.405023735323596	42.52363886605268	4.463541144246766
61.71901760927435	42.94915114035768	4.518086522232141
61.514559582747985	41.35108671827805	4.534111892689371
61.16702618387596	41.93245687124408	4.5819063767035075
61.745440049342555	42.45891810442253	4.582265885136062
62.51791530644008	42.55658225398816	4.582616751730565
62.78282817804314	41.53963571836015	4.609330944231081
61.57992129485548	42.56737909809434	4.612267067799744
61.96643565063108	41.89812610376465	4.638722568100995
63.11782427999522	42.59260319189258	4.662267894293979
63.056400949522	41.33389150805895	4.702274938778521
62.68285876974948	43.18771451588303	4.7108922841476115
62.04757117600348	41.93063428041227	4.727181937877332
63.3294444216539	43.08411663400119	4.764196239739595
61.596958945089845	42.29647567945729	4.777509636331929
62.71988846082301	41.021471285932726	4.777973594272419
62.269842107670996	41.78955492056196	4.795392594712087
62.10478228834984	43.121835959513426	4.800838261322939
62.07393598143117	43.8615867993587	4.833153181833501
62.56797928103802	41.90073669669573	4.8501758060816575
62.85832956351033	43.3075572738305	4.865263896027047
62.17772527682756	42.478643606805306	4.868667194833837
62.118792973390015	42.34464944870341	4.89782218899978
61.85887940530675	42.65635352875668	4.908343579935571
62.83089927552644	43.23262720499671	4.9288490146432045
62.9095838643792	42.46194364702492	4.953449451835606
63.07743270425622	42.71301915042244	4.959165521616138
61.98403234762297	42.65984597177869	4.977609415168957
61.76902256587721	41.51088308637385	5.016389307390766
63.35740715946669	42.77313437899153	5.0526818200028725
62.82325903896272	42.71312342849247	5.068408149279046
63.73377993683777	41.789036586857755	5.095183516603797
63.50877696631985	42.25978121149103	5.097081273215518
62.24464233074831	42.312514151368354	5.102288082717482
62.69128728162191	42.63739801722226	5.102730801534081
62.58177311220484	43.34896746556558	5.103192310053788
62.74069348413094	42.169195134237924	5.124053960903404
62.40742481904502	42.13023463753664	5.148570098660171
62.85467652390869	41.33128664465835	5.17353536093854
63.213283413375265	41.8486653926189	5.212675451828317
63.520832118388746	43.52159200582926	5.212964418696008
63.02247870147032	41.19105872958826	5.229385063869593
62.62899820774379	42.211964587760335	5.235317507873099
62.9937509959316	43.278581034018195	5.239924604897463
62.565793502880105	41.64621320836908	5.246639714941879
62.33905150010093	42.563814832420675	5.249769935632807
63.48324709715659	42.90934036140937	5.283141149250252
62.68953686930079	43.319172717092094	5.2887545588195515
62.762124311724996	43.02506095453032	5.295170351714165
60.947219620337826	42.758496197212246	5.306564340150415
61.833715873838656	43.15380277677656	5.334948706246494
62.591277057862165	42.90295054198343	5.349103509980674
62.7162010579647	43.15089697003313	5.371279325231792
64.32916132550163	42.804045828166	5.420832037728742
63.66251182680002	43.70674834465886	5.485491115959159
62.52894863339142	42.93309361458491	5.5023407033229565
62.85004257348307	43.94379247945901	5.510159316118848
61.92481577295125	43.116059748581314	5.540712860465277
61.95673565919925	43.726423874643714	5.5807134185536125
62.43903659202615	42.97291678045079	5.61509944070284
62.59947647181847	42.03292199845826	5.627826525615359
63.979139167016264	42.66608183968357	5.636467344787719
62.84874105635126	41.96204520758198	5.668884667736067
61.72422551585391	43.25478161263968	5.685337922078465
62.872189439753384	42.51642482956798	5.709304186992661
62.59158793688389	44.589760324232095	5.71409455961046
63.204366850183575	43.39860625583226	5.714800008896203
61.288245338393416	42.73040017799597	5.728074465212567
61.97063229638611	42.38206994457908	5.737167936355854
62.316228107267506	44.297477333253624	5.756243200508568
64.29149799170423	42.57101036564042	5.761665276026143
62.87661036244736	44.76453336806103	5.769946191013643
62.404241487643645	43.01989414229241	5.7791893387370585
63.72955735347151	42.44268678010137	5.7797594721975445
62.39670190579726	42.632230271130965	5.793345631183595
62.04195290546791	42.605781806896296	5.827994256644073
63.106498322202015	42.74442651347537	5.871455498272874
62.75194416960706	42.54118406601786	5.872696551661535
62.57991574358362	42.63899318409932	5.8732808101609315
63.30049810110397	42.810817880047246	5.900301485457032
62.580092474350955	42.04971239867562	5.901756533554636
62.27661631103212	43.19590617609058	5.9072540666819
64.62815231987248	42.98202721926449	5.908601736657615
63.267312932179316	42.068801641264365	5.937420524201001
62.25025841942406	42.82534624247297	5.942931282496123
61.971651749758685	43.40069510549227	5.9491439856212365
63.8608192209295	43.244727296826795	5.971063623984711
63.82335329280877	42.46761366295168	5.976745490718353
63.56046048782694	43.699473756290644	6.000746275179167
62.55064947020996	42.5132843036286	6.020054649475404
62.74945541165895	43.37465681583632	6.066521746305691
63.99200320301557	42.42139150800093	6.084510857306146
63.05366740053253	42.64163998817339	6.127050374963498
62.88300930644081	44.08108940385742	6.127708705295756
62.83329366901159	42.797162980076656	6.16048907007399
62.886966926148204	42.87847121084201	6.183779893286568
62.04622680645718	43.865625174433575	6.184783272124836
63.3719995007047	42.46474694441098	6.195143880801101
62.65752004798961	42.158775164194836	6.200704023898022
63.98622798602459	44.346309566917725	6.243495059898197
63.85794799327974	44.33801806417464	6.250669973748604
62.808109165806876	43.847074610257856	6.25275102316944
62.90508985229623	43.04080322715978	6.257411675465489
64.03066473354451	42.5161235900434	6.3074670795151615
61.45304057678198	41.9993921556351	6.3109022815439575
64.55767934263231	43.717707138516914	6.354105338684547
63.39472122249618	43.235192308337545	6.355581877096902
62.57651022423482	44.36689229429575	6.381646008320181
62.20517620407344	43.026857142880424	6.389431117040201
63.45190461023927	43.87583611610953	6.445616371476371
63.16023551082888	43.7533087229346	6.454417159160325
62.601008387359194	44.609344328956176	6.462240165609595
63.36753358698961	43.70263418358195	6.468578186762053
63.55317276576185	43.6819112742464	6.488302531438621
64.25603632036278	42.388578654823824	6.506534006242001
63.460932413212696	42.80725350062286	6.519992378881188
62.36799630768224	44.65811916434516	6.544068743925379
62.41995087057126	42.91428890688609	6.551371891183885
63.134271321539316	44.023108360379005	6.581726893146316
63.307523546451606	42.254200468099796	6.58420325871996
61.99592992322407	43.23743588729404	6.598426794060831
64.37177203264436	40.67108363418043	6.606354154934835
63.70128097140843	42.53390313117628	6.618056022225857
63.959519896952976	43.69712054005932	6.625930283332239
63.62510600580825	44.64759689166754	6.7206503521140455
63.8252465712671	43.30962791613984	6.746905540914398
62.63546031323025	42.78772328165589	6.764418013181682
63.88743662852452	43.5491911483714	6.765103978835488
61.930206776372856	43.2218009452649	6.774558433932677
63.12800740289399	44.83692265223357	6.782843005084641
62.51942125407846	43.35411771405406	6.799397438780639
62.84187851447308	43.86769547150038	6.804985841477126
63.95704832585793	43.14799719558051	6.814896845150914
63.454392889249746	42.35289711892345	6.832081825941503
63.00879253306971	41.81244103850361	6.863811260533528
64.16003091333384	43.2655369906624	6.866534366116073
63.2065913719009	43.410363527459275	6.905405986955285
63.66193982933587	43.50333805091393	6.907512273223633
64.02253599860884	42.57147780285483	6.9182626765482755
64.72331925059164	43.640280778580674	6.9245227626089765
63.84792830900494	43.808711234818944	6.939642568443436
63.5368802692853	43.11864171158928	6.941970525257291
62.583061677303036	43.06735889537243	7.057823831824471
63.07121601335042	43.39513910523286	7.067564947005405
63.34643558141808	43.87757666871424	7.075047307453254
64.31534817284155	43.893995749209815	7.088292386026693
63.36997421184662	42.911815284906055	7.159100777798137
62.759554963146435	44.50687990104507	7.164296820542764
64.47505180434173	43.33834935015357	7.168460321218328
63.38875104506797	43.375934150079374	7.207790032181272
63.18544175790691	44.9879151882009	7.222085360135317
62.65662427422292	44.45100961734317	7.225696518669608
63.043006529415	44.8449613701326	7.233697973762786
63.14496893936613	43.53420875447556	7.249884608331893
63.591612062536164	43.10678782162834	7.283570748853248
63.567391315593824	43.01732177641822	7.295567380066752
63.98697715374477	42.78941693064087	7.305761738980512
64.07538722943465	44.143424337296935	7.350419473031901
63.79550493445036	42.822717191089474	7.356323442546447
63.35525558776132	42.731666253703764	7.361632617663001
63.72973292193068	44.02610318773105	7.364073473107891
63.09599291965323	43.00419977297988	7.372022033245465
63.048111875780585	42.9972250189734	7.386624941422066
63.92585530699181	43.36985471951556	7.430453577536235
63.14680339808623	44.00865475524439	7.447959988056183
62.58475507076423	44.449455637811866	7.450246647522888
63.987067674147916	43.860192937393	7.476285067726088
64.15964613467615	43.668236072076596	7.4937595222456945
64.01928105014018	42.79265760389583	7.509393839266933
63.36733306937729	43.95317593399517	7.52444262052486
63.90445142987038	43.672706193740815	7.541475101640697
63.835510398674444	43.6667307327584	7.556646028149079
62.6327694872935	43.28811047139109	7.5683065092072015
63.37875318496123	43.551654947440916	7.582125101695335
63.527420583611494	44.59493401830497	7.5877891159965385
63.84644049819247	43.66618619246799	7.609877068818708
64.22285248254005	44.43783854156703	7.609908307693661
63.683255023211316	43.11541785013833	7.613935151628637
62.29426506461879	43.962143584739145	7.6209654642936915
64.18969785197316	44.05446983649804	7.631717820749637
63.43425794088775	43.1181533298466	7.63675406692424
63.39010422536203	42.85967308110506	7.637051004225658
63.60273109026632	43.443189460246074	7.643521463396191
64.18619012664863	43.58365563232443	7.657051127307948
64.24496507141568	43.87357484746642	7.707605080796006
64.16479120059445	44.1917261003555	7.738871054470723
62.05023434900729	43.48693147495711	7.73953854743834
62.96591095950365	43.69956221179179	7.743900861578816
63.21594376255937	43.710831157024195	7.758355612960455
62.742750133692276	43.95291592466574	7.775506271008834
63.66710815150118	43.09951708996813	7.831534563975638
63.310900378124366	44.37110738027328	7.879851693660703
62.08170832529407	44.2019941335309	7.888009376765344
64.1195897380293	44.26297885779585	7.924311389216401
63.032629104199515	42.80205069854797	7.929032824882034
63.96980150422043	42.651924849852755	7.93578324909168
63.0311388330029	45.104554217640484	7.941769727489144
64.00198232670081	42.87295341602978	7.951551563922731
64.50530646615445	43.594578453222134	7.959004382942807
64.96767126088453	44.00462296937913	7.961467857414605
64.19713145068846	42.79499508977817	7.982274651965637
63.34052417282714	42.972888117174406	8.016795264031423
63.9553734761947	44.2651835392201	8.047690256167195
64.27151117248914	44.60619765616275	8.074797040197215
63.522468797824445	44.920746593143235	8.087844065787605
64.71958844799134	44.67906138882133	8.091258258758959
63.7414292956981	43.15303578456972	8.116913899597776
64.23497689453625	44.52522629797156	8.16187534251694
64.10660752119361	43.94765754079568	8.187821013338787
64.87685001851246	44.10400774853666	8.208868317158206
64.76317675151499	45.48801654636676	8.213547625855135
64.23297886366849	43.57036721883817	8.269960293884338
64.16489043773873	44.4924527540137	8.303839227904325
64.5212823214507	44.815502789639524	8.312709549615473
63.0800987487208	44.558944711879214	8.332389183690594
63.934059247424365	44.190380226845576	8.346373860901046
65.43303155119561	43.79011566978677	8.34648264676181
64.99900594743103	42.33952880998547	8.360788942032341
66.46968472868126	45.28128602589222	8.369584976826616
63.875973130760656	43.500473061649366	8.37160602840739
63.54908882875804	44.669630291261704	8.381005228608666
64.60231329170966	44.37513636133982	8.4182071432475
64.83687262829807	44.14717050035474	8.42571638131866
63.7520945489439	44.89652550425764	8.48062623447976
63.14015318173767	44.917994295514276	8.491133888348008
63.91242575277151	43.71276766644735	8.532214730495125
63.305822702211685	44.73956468638579	8.538684824716125
63.60812858687281	43.713295467663265	8.538788843113094
66.74472758896749	45.04806755360348	8.56253604357245
64.33229874043501	44.84290508977885	8.568524164412414
64.33999440281319	46.02622308751435	8.602140958161733
64.8676387382099	44.53778090477695	8.609508005432371
64.44717812664987	44.45768845020043	8.624285312166538
64.8722080983174	43.54022412110255	8.642878691762867
65.0574038646645	43.65326132111987	8.644145871389386
64.30616461554246	44.32656437333124	8.646247208792968
64.44203520516973	45.05556190290824	8.656230024035054
64.23452730244077	45.36298179880788	8.674648349453108
63.16572566215807	45.351986021284716	8.700541574325756
63.343698865916096	45.14046360139855	8.732386369188694
64.42261213539933	44.266944627646325	8.733956038157737
64.66223820436147	44.66066154243186	8.818635827078154
65.64789682247583	44.9245765799972	8.84749973482355
64.36801340783262	44.44012945095489	8.863247901415448
64.5958182286215	44.6181974337025	8.910492822301714
64.37703945756064	44.697754230274136	8.948412269223846
64.58818835825139	44.25435888467655	9.02145091681681
63.85896414252772	44.699706255978924	9.06972935054377
64.17264536535687	44.238588332191036	9.075735438889955
66.75970623801122	44.39567644575502	9.078642398990358
65.43500668673856	44.721673273030916	9.10032945790794
65.25487545131698	44.97147009399081	9.109689067341117
63.28023478973301	44.97555318767533	9.116863240661404
64.87889370765166	43.99717485045476	9.130143682556854
65.023608685454	44.31059149055041	9.138245218090143
65.08054379586405	45.34157185093619	9.152490819028667
63.618560133342676	44.49438720390582	9.177390586742824
64.67846355125185	44.383699116305685	9.187279010750732
64.63224744000979	43.88857169230882	9.193897908555353
64.21314060059014	44.22789011824895	9.194243018586771
64.75823700448927	44.823312762302145	9.213345102729765
64.46440543325001	44.52545224488199	9.269363250180213
64.6521669700713	44.82605027241829	9.29685590080525
65.69915811283444	44.69466913871284	9.311272483643469
63.512715958820436	44.344738423026385	9.313133149266504
64.73696957496293	44.65062361378068	9.325384888788593
63.87101906474272	45.20965242318381	9.326163306601838
64.56458878619823	44.70303744489305	9.355936590478116
63.89323274315054	44.28061154443482	9.416306660996105
64.67764633701759	44.07485523077904	9.422385929600352
63.62828507477181	44.05809385283999	9.443003870674156
63.50400191847332	44.26305344271514	9.457998621913333
63.069452060748354	45.80713619907052	9.489274078126915
65.10449987585355	44.78387333182451	9.525652729370206
64.12426212752948	45.4212130573322	9.556045856925527
64.06599928501932	44.184405882023526	9.581026847221807
65.98044296068811	43.835519599627986	9.590933077784603
64.86966607266861	45.49293723367026	9.59235420449152
65.5227963943382	44.83485337409683	9.633381131719272
65.30637175960359	44.33842764281751	9.633628317806641
65.54393570990435	44.741011441156324	9.643870418584504
64.379734930618	44.4907829441953	9.71065988550706
65.3257352048551	44.65302689595373	9.752051747469602
63.84933801560676	44.98518768483454	9.790998661850212
65.05443958781763	46.32779638657409	9.832667025896603
65.25690386474969	44.0742469253605	9.838923052931445
66.36770787011967	44.26613113291247	9.849623982921486
64.073314650174	44.95489178350192	9.85288617385416
64.64919298263223	46.161893622262106	9.891195752056408
63.88324621558913	45.857559578914255	9.918621658100479
64.35996724338719	45.066988077018884	9.930466271948104
64.22809383421924	45.392519145011676	10.032276667767139
65.79493168516291	45.19667606497285	10.0363015427126
65.2206659288278	45.12690561736015	10.081729253760017
64.86291670459418	45.08728890361193	10.140580209490762
63.65320149310501	45.78612781724766	10.147997588398187
65.39656645597776	45.375757649907044	10.16990915495115
64.77287095875124	44.7974149035423	10.221112357518397
66.01934492120631	45.19864721181572	10.22583299066969
65.23678456412769	45.54912954160726	10.232978307912365
64.39573328679255	45.263260870064116	10.239867487789288
65.28503776080161	43.62740713295949	10.276038917383186
65.71234144533818	44.62795527213171	10.341595636455034
65.65375557921544	44.85263189539916	10.375265618769948
66.05361395369648	45.990400867124784	10.381487738387312
64.9654402887667	45.824656440873625	10.422821647755699
65.69018676704722	44.76747888110668	10.468581546856647
64.8496871204065	46.8277296171788	10.477723016349888
66.04195425946857	46.0038785699317	10.582113708573067
64.4974845738766	45.109160308827406	10.601897535693332
65.80674147060245	46.452014877026556	10.639305989734707
65.24185349380015	44.93637468655662	10.690255653240692
66.10761254670388	43.5006000899287	10.740884221660622
66.88938090868587	44.76981462422546	10.749177476328166
65.53706518426158	45.02896855928094	10.7732969558046
65.98413994106694	45.29661320011319	10.782285490285325
65.2390963541821	45.88761496070269	10.825378243001063
66.93600362530496	45.60474904691265	10.883835175675863
65.24159447481279	44.57718501857635	10.936592230102526
65.84434582895204	46.70792964966841	10.998370796324282
65.06298375603517	45.145187172404114	11.073785782479092
65.29504107681524	44.58834916464685	11.170576762125787
65.3748032761782	46.08565855689715	11.20521303724862
65.89455714466142	46.626223061074796	11.236134117795334
64.61704997651472	44.50760501932619	11.259644409699735
65.19841277072318	45.282227825181906	11.289026479521436
65.60351897763974	45.27064377895748	11.295742059682834
66.09617606869509	45.638528201826695	11.303124412006653
66.29220895707854	46.87601189617555	11.328316071642101
66.64273081853447	45.31221228794724	11.357038174513121
66.10510200474764	44.41036244084802	11.5223899466103
66.74168895756863	46.89836518796538	11.528244451592336
64.17819141319524	44.64515938153113	11.549112082027426
67.21514840977494	45.72405932411144	11.557362891819773
65.64361328319916	44.589396971300985	11.597482301669197
66.03038094484272	46.205522806862994	11.671307052048265
65.76668650116288	45.05996726841744	11.746247713394075
66.65703436234254	46.45666052914265	11.981352767676983
66.21122160929148	45.450849988646105	12.03491809631928
66.78616856194985	45.46452819126919	12.03804562779116
65.00061874602036	45.30290355124998	12.13902445072242
66.8798223989309	45.859022321896155	12.227570158496787
65.86265707292291	46.39578341774902	12.290160912708844
66.3788559927867	46.75239628714985	12.327814567443808
67.12702101562186	46.55405592910939	12.344645995736458
66.80879196884773	46.7290491206761	12.36984961652886
66.63348779222427	46.449427413295	12.381606985558209
66.29863723379738	46.39653607462545	12.572938300836752
67.64789208935778	46.90386129960848	12.746301855949628
66.8734659987347	47.234641878772685	12.748752161991183
66.88040809004109	47.574453046323924	12.763631278131806
65.35331734762684	46.52402841553044	12.785537647677634
66.01803072152396	45.79751098357527	12.862984631873882
67.03346486505657	46.04758249654981	12.900493839291117
66.7356998362218	45.04064842679882	12.912426984360765
66.69801953247405	46.177294595970686	13.045085921893353
66.29826550004375	46.53074180601005	13.234737394082755
67.1758679285757	46.90236719718787	13.25687160001139
65.87894067179955	46.3743686236733	13.416781059262307
68.04481267028385	46.979708457107336	13.459513447869686
66.74157336149544	45.81657950192465	13.59056714498334
66.86483005670365	47.51503947318989	13.608187208928406
68.11416039126223	47.76748755811214	13.673234035863256
68.05587030819717	46.99800039888796	13.78757948259175
66.6784869191425	46.355184307302316	13.897692298005861
66.77664782838761	47.38716974338617	13.962005872167671
67.6107796358012	47.321648061962804	14.232272600353513
67.87173369528493	45.96146729019371	14.260013967536088
66.7764976328063	46.02522444571953	14.547145658581629
66.92378562510784	46.67204887112908	14.593793720190908
67.47160369748202	47.91812784832575	14.7348873616609
67.37444167273212	47.07357015473618	14.803946059998779
67.85948650697637	46.836457343285865	14.828718091560875
66.85490826944304	47.682165340213864	14.881801583661682
67.81040995595409	47.327723156622035	15.190892940794473
66.42314659792719	48.88012595490439	15.21849680399849
67.22948428640446	47.04517980957212	15.312791077382165
68.32856493516627	47.55270379419432	15.332978651647403
68.1777924614896	46.89147819503081	15.334713037644763
67.4742943599305	47.455075902581086	15.337352305492685
66.71259638661952	46.83470653153635	15.61327877028882
67.08618167806918	48.671079269934715	15.64679803432173
67.30850790097145	46.890480338677456	15.776962103730751
67.2420006240371	48.13667158722529	16.177708352593527
69.48751466616949	49.397511766786714	16.292870405384917
67.84394241194542	47.89913390377711	16.328267846591007
68.0321987636338	48.949467245107286	16.62730769046548
68.3700719107551	48.79231764029854	16.808585296050538
69.04687994898154	49.21258360399502	16.914268892261692
69.08867996160104	48.67593562523269	16.995193225157884
68.5644899876241	48.522086206408176	17.004628584712158
68.0007740371012	48.14745946427065	17.027981075986162
68.70770465072964	47.553118442839185	17.2083388091629
67.78348418630101	48.477455401868426	17.29491535834629
68.14581825637326	49.23772112974211	17.335111026245936
68.22318406462523	47.304054417780165	17.37506242601652
68.01313041699237	47.89292386957631	17.702582302851884
69.72434017282774	50.44660925811144	17.834128985348812
69.76042793457826	49.3860025656893	17.9282169855936
68.3593557892641	48.544887192547776	17.97136083289603
68.38274555337397	49.38206896397554	18.001731797077486
69.95766995589453	50.105010975693546	18.32101885442608
68.57258143309915	49.32961488313594	19.234526899577386
70.32877364115453	51.492197952825826	20.26285587809315
71.32644017761335	49.735951766251496	20.34453192514474
70.54980706366558	50.701007097114626	21.37548341753781
69.48269698673953	50.47856607456964	21.40990362442921
72.14916309839025	51.6575076004919	21.847958923994696
69.9760433531151	50.78479248848588	21.994718500111556
71.03925017926656	51.89618689562745	22.617021061216278
71.96066704523632	51.52391007647513	22.636432189867644
71.13149457864527	51.81606198246906	23.61421648903741
73.34341999721245	53.11703975228372	23.943208570147924
72.64301508322669	52.09706350209467	23.9443093783591
73.22365127812321	52.04758478683362	25.81029374158229
72.94680114471551	54.1344794609622	27.03927613064769
74.79646551861012	52.953565636700446	27.333430125674564
73.39967901550847	55.79652264020621	27.75878350470302
74.19359019943298	53.214152214393	28.023656468076737
73.38039919931194	54.944682780197695	28.890900080224526
74.59785547392104	54.054332121139865	29.033730115246165
74.32057729922926	54.46897395565477	29.37240988260165
