0.9422977411072676	0.7758414369764992	0.3039368334590319	0.031192777023047485	2.076647001895497
0.9953825382915382	0.7779349999135666	0.3245108572677348	0.03323521156947979	2.0549187417214547
0.9805464319714217	0.7759893374043059	0.32009911717401096	0.03283749119409491	2.0521506969523235
0.9431495854339591	0.7708325883647018	0.31257427825540063	0.03171660643993109	2.0213919795880746
0.935054243472256	0.769684208632905	0.30550551905306234	0.03168094939678763	2.0502655489123907
0.9475855662087768	0.769878875952638	0.306687769477501	0.03236826200353978	2.0697122359212248
1.007142400745461	0.7725669661422669	0.3309737026989906	0.03463927326895222	2.038729186325492
0.9993251900966175	0.7726329594937738	0.32471039358282777	0.0343887880500104	2.0618188690952723
1.0456796678094544	0.776778615942859	0.33736006807981356	0.03603759053199923	2.076664258420422
0.9719307183975423	0.7699922163851891	0.31856827422611117	0.03338615488003326	2.0439503255857794
0.905590518077385	0.761330653040226	0.30537564963355857	0.031226911122275776	1.986703646366801
0.9969895729754358	0.7674658890593915	0.33556405674839535	0.03473314342786556	1.9907045800818488
1.008252285955432	0.767033973314641	0.34511648121948413	0.035153693510595836	1.9575977802892242
1.0331523867076227	0.7699693341018772	0.350000975199156	0.03600627201701635	1.9779349090430582
1.0945000210320324	0.7766184367640652	0.3653412663634682	0.03804205343128356	2.0074400376179162
1.0229973272294541	0.7717120105795798	0.3446254277338929	0.03525153498624321	1.9889818191390696
1.0067500736699178	0.7731630056422216	0.3275210028040624	0.03464737248635297	2.059380833065244
1.0664416701474124	0.777075535197086	0.35126145670516146	0.036729360918838265	2.0342410400159463
1.0074533663054674	0.7720517776382008	0.3370385389942186	0.03451362099170462	2.002770485857621
1.0599287171750345	0.7776996017631876	0.34789488668231666	0.03633526579601365	2.0413480735243477
1.0549282590317173	0.7789066542304464	0.34263912251386675	0.03600733919019391	2.062824090460736
1.0625402486054263	0.7810699953769488	0.34118943658335765	0.03613872263460514	2.086501094931152
1.080442167502838	0.7830255431727482	0.34823780659699693	0.036601201412903676	2.078764706707751
1.100364101102357	0.7865083770233167	0.3508528600671328	0.0370713587224938	2.1013087306462888
1.108737169807599	0.788905491638384	0.35182942759947905	0.03709162299516876	2.111419049794075
1.1368699817458237	0.7933594254741825	0.3570003152391309	0.037753248893439575	2.1336533203609624
1.0837436885992955	0.7911738655815308	0.3396213479356565	0.03564167285389358	2.1378642853356062
1.0391790153774072	0.7867126476856893	0.33306680063104094	0.03402927445681342	2.0903026285616306
1.0001179982140704	0.7843879428267315	0.31669601914502155	0.03274472461878079	2.1155287707454793
1.0157760874038662	0.7840592422744898	0.3256716603622468	0.03337933641797104	2.089567964764615
0.9927275287308002	0.7817436437309209	0.3183210847311148	0.03268318127433904	2.0892537705987526
1.0184039031623264	0.7820659182451422	0.3311665968185618	0.03366416293687663	2.0603116295598594
0.9623648543669818	0.7758756823016216	0.3181707828443452	0.03184986215164526	2.0264145543702847
1.0298468783485633	0.778547448586342	0.3485761722521503	0.03430528227227948	1.9796334837837222
1.05712628162587	0.7819714282070346	0.3523926710903761	0.035202784480201435	2.010037028241943
0.9820954951913056	0.7761069952533837	0.3283221225013303	0.032608362771232885	2.004132453801616
0.9742443673357137	0.7742614920357971	0.3271736043718593	0.03248663273730946	1.9950947131756491
0.9690954251808295	0.7721157814483928	0.32882930368942404	0.032470868018099036	1.9745947478644645
0.9721895014339924	0.772003158510763	0.32710352363233886	0.032739089795262216	1.9913178757413552
0.9086388819630256	0.763401345011582	0.31507625999112004	0.03073627733451164	1.9321957966484542
0.9596629905049985	0.766743870407587	0.3286015908639176	0.03279793701993795	1.956753876596182
1.01611819514401	0.7705589380999148	0.34782710373134323	0.03490674399793451	1.9574491395406592
1.0650058069146378	0.7767997756525163	0.35431701066862265	0.03656832025012909	2.0140023290021682
1.0863510587564962	0.7787773436673949	0.3649105896637951	0.0371166142555494	1.9947975579231003
1.0584636452957739	0.7782920042263108	0.35341822136448037	0.0359155132768656	2.0067301761612
1.1017357432422528	0.7849346216032764	0.3561298121534181	0.03724391215293796	2.072808391447647
1.0032488070503214	0.7770389164831019	0.3300244222546098	0.03365671064754265	2.0367087699086945
1.0602087039887034	0.7818607678557014	0.3463466145744218	0.035642769788944706	2.050992863622771
1.029165669068857	0.7814299675326062	0.3296678204218449	0.03448085834980287	2.091519358763294
1.0227378847220994	0.7814776767695163	0.32519084858740627	0.0342596898986203	2.107029191111816
1.082948176030413	0.7861154169279588	0.3452205975335869	0.036298528183929424	2.101757418799597
1.1504457297323465	0.7929658605157297	0.3642932713472275	0.03836662154047753	2.1159658424010033
1.1271726450149424	0.7920275472494963	0.3630850573457263	0.03717361752017799	2.0801039289985805
1.117895832807442	0.7949538644868999	0.3506903445546718	0.036554457565446646	2.1357369138540196
1.1454575758249284	0.7999505318481607	0.3524437514899334	0.03719582644878448	2.1774663861030272
1.1710303915898006	0.8047338989977277	0.3554328304562251	0.03768704230341213	2.2073415737864637
1.2281127950945698	0.8108578887810235	0.37428310038394885	0.039108524773513946	2.198623863224686
1.1762161955836214	0.8115581623825753	0.35109407611360455	0.036879192319625734	2.244270713895918
1.1849677992551761	0.8156067477825728	0.3470565829005993	0.036794117786855436	2.2870191880554476
1.1443921812838957	0.8141067892461128	0.33682679564683027	0.035175617394704595	2.275462124744516
1.0550339858427507	0.8080053197395776	0.3115830432436912	0.032218459267066	2.2669944210394886
1.1433198692440067	0.8147214962996552	0.3367695819751177	0.035009926645196233	2.2736870129803943
1.2017667794422289	0.8207385817562034	0.3518875950281246	0.03660610588386324	2.287575946992669
1.2234124522819954	0.8253312470189751	0.35400972184807733	0.036885831355016566	2.314705412475744
1.2666805765933975	0.8320903159585595	0.3605795227466483	0.037761108790755185	2.352900586972193
1.2785999032989495	0.8355621957320285	0.3654982698851989	0.037567807618307705	2.3431488061598555
1.2365612554367411	0.8356589319898822	0.35281203350441204	0.03577959245216465	2.3467662388734856
1.1316359505021236	0.8285115501283911	0.32919989249939186	0.03235375127732216	2.3005467430410595
1.0665510053676237	0.8238985437542335	0.3096854770640714	0.030419909974037214	2.3037094419237
1.0939004950265	0.8256769019199062	0.3156230915762112	0.03134277107459145	2.3186726810679277
1.1017721945581125	0.8257446107851146	0.3187639373226896	0.031625487208336356	2.312623457166127
1.0444947315485071	0.8206763219950135	0.30370977567774676	0.029984788164190354	2.300358342506609
1.0275295047577373	0.8177729164583819	0.30031674877640185	0.02966069156922077	2.2886127668150147
1.0064885907526182	0.8138009770420225	0.2976241993577316	0.029246910614978767	2.2622484759228203
1.0253955623442579	0.8129676824855221	0.3060058161030309	0.030055356885753864	2.242339899715118
1.1147045587900726	0.8195198931090383	0.3292579652019699	0.032915288821007006	2.2664888650069206
1.0978803599157199	0.8163836681241146	0.3337274444437108	0.03236293399779745	2.202941543186463
1.0807818632433206	0.8153757163091625	0.3272966334228029	0.031846231955194426	2.2109544825824203
1.1256786162549643	0.8195288110476026	0.336700258913169	0.033227689254090816	2.23871575377764
1.0646278462549648	0.8128608279278129	0.32901691410603756	0.03132523462759032	2.1668739470130953
1.0398486790870938	0.8117303960127068	0.3154973551215142	0.03066735181632233	2.2063991145661968
1.0920767692683544	0.8145422022546112	0.332968779567215	0.03237884528952631	2.1964013310584165
1.0205137687854182	0.8091909639267905	0.30973476102255765	0.03023448545127789	2.2055357393044908
1.0170058384598832	0.8061312069045774	0.315095573784698	0.030317723806435215	2.1610926081150152
1.0579897640494842	0.8080285522463643	0.32849654294555597	0.03174642355431634	2.1569878234733153
1.1108511214908423	0.8121577490551686	0.34286524537822466	0.03342474131455432	2.170233157202848
1.1098438832472268	0.8118034397527107	0.34602463249961796	0.03331582812831506	2.1486574821189444
1.0629500352566217	0.8080448106831906	0.3338384723360357	0.031824264399801204	2.1327233929601657
1.0218730000952354	0.8049756142095437	0.3183513291474731	0.030640804745550435	2.14951657659898
0.9643447785525122	0.7986929286979239	0.3022600155052421	0.029057200154297403	2.1361186802467795
0.9796200111343542	0.7975377368183199	0.3085778461300733	0.029824539849268687	2.125844505468152
0.9397026199595421	0.7923485314507576	0.296482981301755	0.028841358001884844	2.1221434467371116
0.9039445089654949	0.7855823843815327	0.29043407523527953	0.02805903023446814	2.0839679787649605
0.9722070742510113	0.7891914020011661	0.309653626745669	0.03062766828023109	2.1026964528149317
0.9218401691493586	0.7810555143889202	0.30299072749838696	0.029254684251795986	2.0377436266999966
0.9172786727777137	0.7775210612729881	0.3047606895068495	0.029452102573556772	2.0160322895061125
0.9040527240744832	0.7731451474132922	0.3040644266449629	0.02936459198250492	1.991607956657119
0.8602232072809582	0.766276206900309	0.2912477545581387	0.028279605422403358	1.9782437032476534
0.8439268406745408	0.7608672513063139	0.2886325877793418	0.028185742573378778	1.9583708375613138
0.8490411848106652	0.757464312670778	0.29243292053035813	0.02884023598728959	1.944757127704428
0.7792935318588411	0.7472010585867003	0.2703916466218468	0.026879934996242555	1.930153012282409
0.8583313528230311	0.7509307860829144	0.2952885366892599	0.03028419301078878	1.9470041391126123
0.922552364212203	0.7541232425904453	0.3173446807021301	0.033019123927877335	1.9477794745249137
0.9236939408648079	0.7535553567535477	0.3149539311543101	0.033288226514645886	1.9648445160001646
0.9209167842841057	0.7513728819831351	0.31703509743467484	0.03340556266532673	1.9462314152303766
0.9546856678419127	0.7536417867763338	0.3264503014773193	0.03486370069869353	1.9595453325268641
0.9808025645356848	0.7561435692239957	0.331991831771731	0.035923384513760585	1.979557699429828
0.9665258602116777	0.754085238217287	0.33075701198617746	0.03539971828578758	1.9580883232063808
0.9739639111024265	0.7544023910764056	0.3335817668605086	0.035724949317154156	1.9564932511198903
1.0796802297611572	0.7630518499906891	0.3707738684292334	0.039645880034783386	1.9518652879393643
1.00722934962265	0.7592811175941833	0.3440456296089016	0.03659520152223676	1.96188811368105
1.0228546934530818	0.7616663274335942	0.3464250682943168	0.037078987115853834	1.9785872836515062
0.9942072554579384	0.758395931807861	0.34381924179963086	0.035902201442148896	1.9378276522047748
0.9583193614351356	0.7545385914229075	0.33555589655135565	0.03457318137815044	1.913828497780634
1.0526809236342418	0.7639368838559875	0.3592438029946985	0.038095383095483194	1.9637587762060948
1.1039738897102667	0.7699398325778013	0.37397988600379894	0.03969119139615981	1.978377193565274
1.0915987621482073	0.771670051472781	0.3668275798474419	0.038800005842152575	1.9942168106215918
1.062844407082536	0.7715965307554655	0.3548309668387261	0.03741820562226785	2.007164399840299
1.053521494976432	0.7729925907430911	0.3469752864093113	0.036863409935854234	2.034441350349021
1.0855728872885924	0.7783426071595068	0.348916212806387	0.03780769844270007	2.0845772908416684
1.0828258454159458	0.7794820945833532	0.34830175794136786	0.03743203544818492	2.0829685980071804
1.1524281975733506	0.786745183986441	0.36867442331894373	0.0395756993187636	2.0945427848551756
1.1969393786354943	0.7958389579770961	0.36731519731629664	0.040577704706507976	2.183339292084885
1.1819032871629749	0.7978600337300182	0.3623331450706736	0.03942498997137997	2.1854923059144533
1.117302518259017	0.7947603696062605	0.3458876509906546	0.03674941851943	2.1640530247401504
1.1382335284411695	0.798502833277528	0.349156680165369	0.03717247434580108	2.1839565969163806
1.1749963570086255	0.8043992393407313	0.354068127388065	0.03804744109582871	2.2232089768713834
1.0581874184105131	0.7971876823381091	0.31990758321648693	0.033856333340229396	2.215271750010788
1.0411905185628783	0.7959460719323068	0.31444589473048434	0.03329893194505686	2.217450019178987
1.0754963317729318	0.7989079538308637	0.3229913310751087	0.034444537895800154	2.2300929740522313
1.1044423887396027	0.8023242524170293	0.32848577228963477	0.03530987437208796	2.25187441820593
1.0417438723350645	0.7980342737572591	0.3102472909843135	0.03315109238006252	2.2485026390788274
1.178580695241002	0.8080654914691577	0.3532988085934599	0.03758552005579865	2.234815104140991
1.1336565747012435	0.8070500766008735	0.338505156978047	0.0357532906195058	2.2431917619972888
1.0974407136789037	0.8051273481530389	0.32915806156546745	0.03438649361318463	2.2329794407283843
1.043256509071114	0.7994006438539781	0.3212056995009684	0.0325862244722835	2.175289228811152
1.0461958342003939	0.8016142182072415	0.3120679430283034	0.03274196022552091	2.2448680391672826
1.1268928175233914	0.8084259506174424	0.33283628774654794	0.035346616407010874	2.2675973515677526
1.090093908284336	0.8072386861411234	0.31923841892409294	0.03400238450510555	2.2865485349643815
1.0734973683269247	0.8070783867743102	0.31103248617260204	0.03342137370720127	2.3108391397686643
1.0897453006849278	0.8062582920622926	0.32491334252545007	0.033924413778008866	2.246161034667108
1.1605409386776204	0.8129401685706973	0.3423717490826514	0.03607685318194094	2.270444379525648
1.177286428858215	0.8163322588921524	0.34483143805125244	0.03631341642203261	2.2867288419147074
1.1172552109787863	0.8141377515350393	0.324459741789687	0.034143016325069823	2.3056285535708154
1.1155511793609756	0.8147259071906078	0.3236125874341039	0.03398202853293772	2.308064318837816
1.0787467747581436	0.8113625503009717	0.3173167854813813	0.032757452398888345	2.2760941153049083
1.0160399042137471	0.8070890566222138	0.29544061640882174	0.030849124668174323	2.3016993824881826
1.0498525295293581	0.8081355657420881	0.3074171610516195	0.03207275455506144	2.286200785022568
1.0493677714681546	0.8064936260897876	0.3117188023350123	0.0321428421686046	2.253916996341384
1.0252323066590217	0.8028132165377716	0.3096022059672807	0.03147613801309952	2.2172588129527515
1.0027582942584554	0.7998775218857618	0.30366357218492873	0.03091654961174303	2.2109876988414143
0.9967322117328843	0.797063822113086	0.3062545600375846	0.030919683104946173	2.179357816604459
1.046997983781447	0.7997088322167163	0.32256586907623974	0.03269609962353151	2.1739474564346097
1.0555512067537518	0.7994857667035968	0.32781011842965035	0.033017770223910836	2.1568305756939727
1.0821555270740173	0.8025904501121769	0.3310688791188714	0.03387909988788187	2.1894045477456183
1.0508186252413478	0.799848250082972	0.32385849726408894	0.032840765310914906	2.173242283972872
1.088183921558415	0.8012256569857106	0.3415628937610631	0.03405692589633467	2.1343307584689715
1.0894985945172269	0.800566933956971	0.34761837707304016	0.034020748089302284	2.0998906600613667
1.0312675473539454	0.7974733092393289	0.32429006071952315	0.03211511628942688	2.1301244265930004
0.9696440167998345	0.7911934888816238	0.30736479152463636	0.030275087457561453	2.112876555000872
